O3	O3	Temperature	Temperature	CO	CO	CO2	CO2
51064984	0.16	23.12	23.6	455.03	5.6	2.66	396.67
750.42	0.05	27.64	23.61	469.59	5.38	2.57	396.82
1949.47	0.08	22.8	23.62	469.59	5.5	2.57	396.72
688.75	0.09	23.77	23.52	475.25	5.42	2.27	396.67
51064984	0.13	31.51	23.54	458.6	5.53	2.27	396.77
51064984	0.09	20.54	23.55	471.46	5.56	2.27	396.67
51064984	0.11	31.83	23.61	456.81	5.71	2.27	396.67
51064984	0.11	24.41	23.55	473.35	5.6	2.27	396.92
823.83	0.08	23.12	23.51	458.6	5.56	2.34	396.72
51064984	0.09	22.16	23.59	482.97	5.52	2.27	396.87
51064984	0.15	23.77	23.51	499.05	5.45	2.26	396.97
51064984	0.13	23.77	23.6	505.32	5.28	2.28	396.82
51064984	0.17	23.77	23.5	511.71	5.23	2.27	397.02
51064984	0.11	34.41	23.5	513.87	5.59	2.46	396.82
51064984	0.12	24.74	23.53	520.45	5.41	2.26	396.72
51064984	0.14	22.16	23.52	522.68	5.39	2.44	396.87
1343.36	0.14	34.09	23.47	527.17	5.41	2.29	396.67
51064984	0.1	24.74	23.55	481.02	5.36	2.26	396.82
912.7	0.13	25.7	23.55	465.88	5.58	2.27	397.07
51064984	0	22.8	23.56	490.9	5.75	2.26	397.07
51064984	0.07	22.48	23.54	490.9	5.62	2.28	396.77
51064984	0.22	22.48	23.55	509.57	5.6	2.27	397.07
51064984	0.11	25.7	23.78	490.9	5.67	2.26	396.77
51064984	0.17	27.32	23.82	501.13	5.52	2.28	397.07
51064984	0.14	20.87	23.86	507.43	5.63	2.28	397.07
51064984	0.13	22.16	23.7	511.71	5.48	2.27	397.02
51064984	0.14	28.93	23.55	505.32	5.57	2.27	396.97
51064984	0.16	28.29	23.54	503.21	5.6	2.28	396.97
1591.32	0.11	23.77	23.46	507.43	5.62	2.49	396.77
51064984	0.03	24.74	23.44	464.04	5.56	2.28	396.97
51064984	0.14	24.09	23.53	486.91	5.58	2.7	396.82
912.7	0.09	23.77	23.55	496.99	5.4	2.3	422.16
51064984	0.16	24.09	23.65	490.9	5.62	2.26	397.02
51064984	0.11	24.41	23.71	471.46	5.63	2.53	397.07
636.22	0.13	24.09	23.75	503.21	5.43	2.27	397.02
8842.91	0.1	23.77	23.82	488.9	5.54	2.28	397.02
1591.32	0.06	22.8	23.84	505.32	5.51	2.25	397.12
51064984	0.12	21.51	23.9	496.99	5.62	2.41	397.12
51064984	0.12	25.7	23.85	496.99	5.54	2.27	422.16
51064984	0.19	22.8	23.89	507.43	5.51	2.71	422.21
51064984	0.2	21.83	23.95	509.57	5.33	2.27	422.21
51064984	0.08	28.29	24.02	511.71	5.31	2.4	422.21
51064984	0.18	22.16	24.1	464.04	5.52	2.27	397.07
51064984	0.11	23.77	24.07	492.92	5.36	2.28	397.07
51064984	0.1	21.51	23.94	494.95	5.59	2.25	422.21
51064984	0.09	25.06	24.03	451.5	5.55	2.27	422.21
3525.28	0.12	22.48	24.17	455.03	5.56	2.27	397.07
51064984	0.09	34.09	24.12	473.35	5.54	2.69	397.07
912.7	0.09	33.77	24.09	479.08	5.38	2.27	422.16
51064984	0.08	29.25	24.07	481.02	5.61	2.25	422.21
51064984	0.07	21.51	24.02	488.9	5.57	2.26	422.21
51064984	0.11	22.16	24.12	492.92	5.45	2.25	422.21
51064984	0.13	22.48	24.02	499.05	5.59	2.27	422.11
51064984	0.12	25.06	24.04	507.43	5.54	2.27	422.21
51064984	0.25	31.51	24.12	503.21	5.5	2.25	422.21
51064984	0.19	21.51	24.2	473.35	5.43	2.33	397.12
51064984	0.14	23.77	24.17	505.32	5.36	2.28	422.21
4411.63	0.06	23.45	24.07	511.71	5.45	2.29	422.21
1022.48	0.17	22.16	24.04	513.87	5.53	2.46	422.16
51064984	0.12	21.51	23.98	522.68	5.51	2.33	422.16
51064984	0.08	21.83	24.04	518.24	5.59	2.27	422.06
51064984	0.07	31.51	23.95	503.21	5.46	2.26	447.45
51064984	0.14	22.16	23.97	499.05	5.58	2.54	422.21
51064984	0	20.54	23.96	516.05	5.62	2.26	422.16
51064984	0.14	22.16	23.96	488.9	5.62	2.49	422.16
51064984	0.14	21.51	24.04	507.43	5.25	2.28	422.21
51064984	0.09	31.19	24.12	501.13	5.36	2.28	422.21
51064984	0.14	23.77	24	507.43	5.54	2.69	397.07
1591.32	0.07	23.45	24.04	499.05	5.5	2.26	422.21
51064984	0.04	20.54	24.04	496.99	5.55	2.28	422.26
51064984	0.04	22.16	24.02	490.9	5.6	2.28	422.16
5888.81	0.11	23.77	24	501.13	5.53	2.28	422.21
51064984	0.07	22.16	23.98	499.05	5.5	2.28	422.21
612.77	0.14	23.45	24.05	494.95	5.44	2.28	422.26
51064984	0.11	20.87	24.04	471.46	5.45	2.29	422.26
51064984	0.02	20.87	24.04	488.9	5.6	2.29	422.21
51064984	0.15	27.64	24.19	484.93	5.57	2.29	397.07
51064984	0.06	34.09	24.32	490.9	5.45	2.29	397.07
1087.66	0.16	24.74	24.19	455.03	5.32	2.29	397.07
51064984	0.06	25.06	24.1	496.99	5.48	2.29	397.07
51064984	0.05	22.48	24.12	496.99	5.34	2.27	396.97
1457.01	0.14	21.19	24.04	507.43	5.37	2.29	397.02
51064984	0.17	21.51	23.96	496.99	5.39	2.29	422.16
51064984	0.08	20.54	24.05	499.05	5.37	2.29	397.07
51064984	0.08	30.22	24.09	511.71	5.34	2.29	397.07
51064984	0.09	33.77	23.87	509.57	5.39	2.28	422.21
51064984	0.06	22.48	23.84	503.21	5.41	2.29	422.21
51064984	0.1	20.54	23.85	501.13	5.58	2.29	422.01
51064984	0.11	20.87	23.8	520.45	5.32	2.31	397.07
51064984	0.05	30.87	23.77	529.45	5.33	2.37	396.82
51064984	0.14	21.83	23.73	531.73	5.26	2.28	396.87
51064984	0.11	23.12	23.64	531.73	5.52	2.72	396.82
51064984	0.08	26.03	23.62	541.06	5.38	2.29	396.92
51064984	0.07	24.09	23.61	538.7	5.49	2.52	396.97
51064984	0.08	32.8	23.75	541.06	5.36	2.55	396.77
51064984	0.08	23.45	23.72	545.83	5.49	2.32	396.82
51064984	0.04	28.93	23.79	538.7	5.32	2.65	397.02
51064984	0.06	25.7	23.95	541.06	5.35	2.39	396.87
51064984	0.06	22.48	23.85	543.43	5.34	2.28	397.07
866.04	0.05	24.09	23.79	545.83	5.45	2.74	397.02
51064984	0.1	34.09	23.8	536.36	5.6	2.73	396.82
51064984	0.04	26.03	23.87	555.58	5.35	2.75	397.07
51064984	0.03	22.16	23.7	518.24	5.32	2.58	397.07
51064984	0.06	26.35	23.76	560.56	5.2	2.31	397.12
51064984	0	24.74	23.71	555.58	5.28	2.3	397.02
1949.47	0.14	22.16	23.64	558.06	5.61	2.72	397.07
51064984	0.13	22.48	23.7	541.06	5.41	2.41	397.07
51064984	0.04	33.12	23.73	527.17	5.32	2.52	396.82
51064984	0.04	29.58	23.7	553.11	5.35	2.3	396.87
51064984	0.07	20.87	23.57	550.67	5.47	2.3	397.02
51064984	0.08	20.87	23.68	543.43	5.36	2.3	422.21
51064984	0	30.54	23.62	541.06	5.44	2.28	422.11
51064984	0.06	31.51	23.61	518.24	5.58	2.33	422.21
2512.27	0.09	23.12	23.67	505.32	5.56	2.28	421.96
51064984	0.1	24.09	23.81	494.95	5.66	2.28	397.07
1022.48	0.01	25.06	23.61	524.92	5.52	2.3	422.21
51064984	0.07	32.48	23.7	486.91	5.54	2.29	422.01
51064984	0.06	25.06	23.57	527.17	5.53	2.3	422.11
51064984	0.15	24.74	23.62	490.9	5.52	2.29	422.11
51064984	0.06	22.8	23.62	513.87	5.58	2.64	422.21
51064984	0.1	25.06	23.64	503.21	5.57	2.64	422.16
51064984	0.02	25.7	23.59	505.32	5.55	2.29	447.35
51064984	0.14	21.83	23.69	484.93	5.77	2.29	447.4
51064984	0.07	25.7	23.87	436.18	5.6	2.71	447.3
51064984	0.19	27.32	23.67	444.59	5.7	2.48	447.5
51064984	0.11	23.45	23.61	417.03	5.66	2.29	422.21
51064984	0.08	26.03	23.61	477.16	5.64	2.29	422.21
51064984	0.07	26.03	23.62	486.91	5.74	2.3	422.16
51064984	0.13	27	23.65	481.02	5.56	2.3	422.16
51064984	0.08	24.41	23.68	496.99	5.6	2.53	422.21
51064984	0.04	8.29	23.62	513.87	5.58	2.3	422.21
1087.66	0.07	0.22	23.7	524.92	5.45	2.74	422.21
51064984	0.09	-0.74	23.8	520.45	5.51	2.29	422.21
51064984	0.13	-5.9	23.73	522.68	5.67	2.29	422.21
51064984	0.06	-3	23.79	484.93	5.34	2.57	422.21
964.54	0.12	-3	23.82	531.73	5.4	2.31	422.21
51064984	0.03	-5.25	23.81	529.45	5.45	2.3	422.21
51064984	0.15	-5.9	23.71	501.13	5.28	2.3	422.21
51064984	0.05	3.12	23.78	543.43	5.3	2.31	422.21
51064984	0.1	2.16	23.85	531.73	5.4	2.31	422.16
1752.48	0.03	9.58	23.89	538.7	5.23	2.74	421.96
51064984	0.01	-7.51	23.96	531.73	5.35	2.3	447.55
51064984	0.07	10.87	24.04	522.68	5.62	2.28	422.21
51064984	0.04	12.8	23.97	543.43	5.4	2.31	397.07
51064984	0.04	-4.29	24.02	527.17	5.44	2.31	422.21
51064984	0.16	11.51	24.04	538.7	5.58	2.58	397.02
51064984	0.14	-4.29	24	520.45	5.51	2.3	422.21
51064984	0.12	-4.93	24.03	524.92	5.63	2.31	422.21
636.22	0.1	-8.16	24.03	520.45	5.45	2.3	422.21
51064984	0.09	-3.96	24.01	496.99	5.56	2.31	422.21
51064984	0.12	-5.9	23.95	481.02	5.63	2.29	422.21
3525.28	0.08	11.83	23.98	527.17	5.52	2.3	422.21
51064984	0.13	-3.32	23.87	527.17	5.53	2.3	422.21
51064984	0.04	-4.61	23.95	534.04	5.62	2.3	422.21
51064984	0.08	-4.61	24.03	494.95	5.59	2.54	447.55
51064984	0.02	6.35	24.17	520.45	5.29	2.39	447.55
51064984	0.14	-6.22	24.19	518.24	5.45	2.29	447.5
2512.27	0.17	7	24.2	511.71	5.41	2.51	447.55
51064984	-0.03	3.12	24.12	518.24	5.6	2.3	422.16
51064984	0.09	-8.16	24.17	505.32	5.53	2.3	422.21
3525.28	0.08	10.54	24.2	520.45	5.54	2.28	472.74
51064984	0.09	-6.54	24.26	496.99	5.46	2.28	447.5
1591.32	0.13	-9.77	24.26	492.92	5.41	2.28	447.5
51064984	0.09	-8.16	24.47	486.91	5.59	2.29	447.5
51064984	0.09	-8.48	24.32	501.13	5.32	2.58	422.16
51064984	0.01	0.54	24.44	471.46	5.45	2.64	422.11
51064984	0.05	5.06	24.37	505.32	5.53	2.3	447.45
51064984	0.15	-8.48	24.32	479.08	5.62	2.27	447.45
51064984	0.06	-8.8	24.29	486.91	5.44	2.6	422.21
51064984	0.1	-7.51	24.34	490.9	5.56	2.29	422.26
51064984	0.08	-5.58	24.4	503.21	5.41	2.28	422.11
51064984	0.13	-6.54	24.43	505.32	5.63	2.29	397.02
51064984	0.05	-6.54	24.31	505.32	5.52	2.28	397.02
51064984	0	-4.29	24.13	505.32	5.5	2.29	422.16
5888.81	0.01	-8.16	24.11	465.88	5.47	2.3	397.07
1591.32	0.03	-8.48	24.14	505.32	5.43	2.69	397.07
51064984	0.08	-9.12	24.21	507.43	5.47	2.3	422.16
51064984	0.04	-7.19	24.15	507.43	5.24	2.3	397.07
51064984	0.05	-6.54	24.2	467.73	5.41	2.3	397.02
51064984	0.06	-5.25	24.21	471.46	5.52	2.3	397.02
51064984	0.13	-6.22	24.12	496.99	5.6	2.3	422.16
51064984	0.07	-4.61	24.13	505.32	5.42	2.29	422.21
51064984	0.11	-6.22	24.1	465.88	5.41	2.35	397.02
51064984	0.18	-7.83	24.14	509.57	5.44	2.31	397.07
51064984	-0.07	4.41	24.04	513.87	5.43	2.73	397.07
1949.47	0.12	-5.9	23.89	518.24	5.54	2.3	397.02
51064984	0.05	-9.12	23.9	513.87	5.43	2.28	422.21
51064984	0.04	-3.96	23.81	513.87	5.54	2.3	422.21
51064984	0.03	9.9	23.73	516.05	5.35	2.69	422.21
51064984	0.05	-5.9	23.72	513.87	5.47	2.29	422.21
51064984	-0.02	11.83	23.77	513.87	5.5	2.65	396.97
1752.48	0.01	-9.77	23.71	520.45	5.49	2.46	422.21
51064984	0.15	12.16	23.71	522.68	5.52	2.55	422.21
51064984	0.04	-4.61	23.68	520.45	5.34	2.34	397.02
51064984	0.09	0.22	23.77	509.57	5.38	2.3	422.21
51064984	0.17	6.35	23.77	522.68	5.5	2.3	422.21
51064984	0.1	-7.83	23.8	529.45	5.39	2.67	397.02
51064984	0.11	-2.03	23.78	527.17	5.73	2.3	396.77
1752.48	0.09	3.77	23.73	490.9	5.63	2.44	396.62
51064984	0.02	1.51	23.71	541.06	5.47	2.3	396.72
1752.48	0.12	9.58	23.64	531.73	5.39	2.29	421.81
51064984	0.05	-4.61	23.69	527.17	5.5	2.57	421.86
51064984	0.06	4.41	23.78	527.17	5.65	2.3	422.21
51064984	0.04	-4.93	23.8	524.92	5.44	2.64	396.77
51064984	0.04	-7.19	23.69	516.05	5.63	2.3	422.21
51064984	0.04	-4.29	23.76	507.43	5.42	2.3	421.91
1591.32	0.04	12.8	23.84	524.92	5.63	2.74	422.21
51064984	0.09	-5.9	23.77	511.71	5.6	2.28	396.97
51064984	0.11	-8.48	23.7	524.92	5.57	2.3	422.21
51064984	0.09	12.16	23.73	522.68	5.34	2.29	421.91
51064984	0.09	-6.87	23.79	516.05	5.45	2.29	421.76
51064984	0.07	1.83	23.72	513.87	5.32	2.28	421.86
1087.66	0.08	-4.93	23.73	522.68	5.26	2.69	421.81
51064984	0.14	14.74	23.77	529.45	5.5	2.67	422.01
51064984	0.02	-3.96	23.77	527.17	5.52	2.32	396.67
51064984	0.05	-4.61	23.7	503.21	5.58	2.69	422.06
51064984	0.04	-7.51	23.71	513.87	5.3	2.71	422.11
51064984	0.19	-3.64	23.75	529.45	5.6	2.3	422.21
51064984	0.11	-8.16	23.76	522.68	5.26	2.29	422.01
51064984	0.04	-6.54	23.76	520.45	5.47	2.29	422.11
501.03	0.05	-8.8	23.7	509.57	5.54	2.43	422.21
51064984	0.07	-2.67	23.78	496.99	5.61	2.28	421.96
51064984	0.13	-3.32	23.75	492.92	5.54	2.3	421.86
51064984	0.16	-4.29	23.75	509.57	5.6	2.34	421.91
51064984	0.04	5.38	23.79	511.71	5.55	2.35	421.96
51064984	0.01	1.83	23.8	481.02	5.5	2.29	422.01
51064984	0.08	-5.25	23.79	520.45	5.36	2.29	396.82
51064984	0.09	-4.93	23.77	522.68	5.4	2.3	396.97
51064984	0.06	11.83	23.8	536.36	5.29	2.28	422.11
51064984	0.13	-4.93	23.79	524.92	5.43	2.28	396.82
51064984	0.15	-8.16	23.81	536.36	5.33	2.29	396.82
51064984	0.12	-7.51	23.79	536.36	5.64	2.29	396.92
51064984	0.14	-7.83	23.81	484.93	5.57	2.34	397.12
51064984	0.09	-3.64	23.81	503.21	5.56	2.3	396.97
51064984	0.16	13.77	23.76	492.92	5.49	2.6	422.21
51064984	0.13	-5.25	23.75	536.36	5.67	2.38	396.72
51064984	0.04	-6.87	23.62	516.05	5.39	2.29	396.72
4411.63	0.12	-5.9	23.75	534.04	5.24	2.3	396.57
51064984	0.05	-7.19	23.67	541.06	5.53	2.29	396.57
51064984	0.06	-6.54	23.64	538.7	5.5	2.28	421.91
5888.81	0.13	-6.54	23.55	543.43	5.57	2.3	396.57
51064984	0.12	-4.29	23.51	538.7	5.42	2.28	396.52
51064984	0.15	-1.06	23.44	531.73	5.5	2.3	396.52
51064984	0.09	-9.77	23.38	553.11	5.48	2.28	396.47
51064984	0.12	13.12	23.27	560.56	5.57	2.5	396.47
51064984	0.14	14.09	23.3	545.83	5.39	2.3	396.47
51064984	0.04	-6.87	23.29	548.24	5.41	2.47	396.57
51064984	0.09	-3.96	23.37	548.24	5.5	2.3	396.57
51064984	0.07	-4.93	23.37	545.83	5.47	2.3	396.47
51064984	0.06	-3.96	23.37	553.11	5.36	2.3	396.47
51064984	0.11	5.7	23.2	545.83	5.61	2.29	396.52
51064984	0.09	-9.45	23.2	548.24	5.53	2.29	421.71
51064984	0.05	12.48	23.21	484.93	5.58	2.3	396.52
51064984	0.05	13.77	23.18	555.58	5.65	2.74	396.52
590.93	0.12	-7.51	23.14	536.36	5.36	2.29	421.71
51064984	0.06	-3	23.17	568.19	5.5	2.29	421.71
51064984	0.12	-5.9	23.23	560.56	5.39	2.3	396.52
51064984	0.05	11.19	23.26	545.83	5.45	2.37	396.52
51064984	0.15	-9.45	23.19	553.11	5.49	2.29	396.52
51064984	0.06	-3.64	23.25	550.67	5.45	2.29	396.52
533.62	0.1	-8.48	23.27	543.43	5.56	2.27	421.71
51064984	0.11	-3	23.45	534.04	5.58	2.29	447.25
51064984	0.11	14.74	23.84	520.45	5.47	2.29	447.4
51064984	0.1	-3.96	23.98	507.43	5.5	2.29	447.55
51064984	0.11	8.29	24.14	475.25	5.43	2.37	397.02
51064984	0.01	-4.93	24.18	496.99	5.59	2.26	447.5
51064984	0.13	-6.22	24.22	499.05	5.61	2.29	422.21
912.7	0.17	-9.45	24.04	494.95	5.7	2.37	422.21
51064984	0.03	6.35	24.04	486.91	5.7	2.42	422.21
51064984	0.16	-7.83	23.96	465.88	5.54	2.6	422.06
51064984	0.14	-8.16	23.9	494.95	5.66	2.3	422.21
1752.48	-0.01	-6.22	23.89	490.9	5.55	2.67	422.21
51064984	0.07	-4.61	23.79	469.59	5.56	2.28	422.01
51064984	0.14	1.83	23.72	484.93	5.7	2.3	422.21
51064984	-0.01	-4.93	23.71	467.73	5.5	2.3	422.01
51064984	0.04	-6.22	23.64	460.4	5.68	2.47	421.86
51064984	0.11	-7.51	23.69	482.97	5.61	2.29	421.91
51064984	0.09	-9.12	23.6	486.91	5.67	2.69	421.86
51064984	0.15	-10.09	23.61	482.97	5.88	2.29	421.91
51064984	0.09	1.51	23.53	486.91	5.75	2.66	421.91
5888.81	0.13	-9.45	23.59	475.25	5.76	2.29	422.11
51064984	0.04	-8.16	23.52	464.04	5.52	2.29	396.57
17703.18	0.15	-5.58	23.51	484.93	5.6	2.29	421.76
51064984	0.07	4.09	23.47	473.35	5.78	2.51	421.81
1752.48	0.07	-8.48	23.46	453.26	5.6	2.29	421.76
51064984	0.04	-6.87	23.47	465.88	5.69	2.29	421.81
1752.48	0.15	-7.83	23.52	442.88	5.81	2.29	421.71
51064984	0.08	1.19	23.57	429.64	5.65	2.28	422.01
51064984	0.09	9.25	23.52	482.97	5.63	2.3	422.06
51064984	0.05	-8.48	23.63	469.59	5.5	2.28	421.91
2512.27	0.09	-8.16	23.62	473.35	5.69	2.28	421.86
51064984	0.05	-7.51	23.62	481.02	5.56	2.29	421.86
51064984	0.13	-5.9	23.53	473.35	5.65	2.29	421.86
51064984	0.12	-9.77	23.56	473.35	6.2	2.29	447.2
1591.32	0.17	-3.32	23.54	437.84	6.02	2.29	447.15
51064984	0.03	-5.58	23.59	409.45	6.17	2.28	447.1
51064984	0.1	-6.87	23.64	400.63	6.35	2.27	472.39
2195.69	0.08	-9.77	23.59	375.94	6.29	2.39	472.34
51064984	-0.03	-7.19	23.61	365.73	6.25	2.26	472.54
51064984	0.11	-7.19	23.64	399.2	6.3	2.39	472.34
51064984	-0.01	-5.9	23.65	394.93	6.3	2.27	497.68
51064984	0.16	-6.87	23.65	394.93	6.3	2.26	497.83
17703.18	0.12	-5.58	23.65	407.96	5.81	2.54	472.49
51064984	0	-6.22	23.61	428.03	6.03	2.28	472.39
51064984	0.07	8.61	23.64	439.51	5.97	2.69	447.25
51064984	0.01	-8.48	23.62	431.26	5.93	2.68	472.39
51064984	0.15	-6.54	23.71	399.2	5.9	2.28	472.34
51064984	0.09	-6.22	23.64	420.12	6.32	2.27	497.88
51064984	0.08	-0.74	23.7	406.47	6.03	2.67	472.79
51064984	0.07	-8.48	23.7	418.57	5.88	2.26	497.93
5888.81	0.08	7	23.69	441.19	5.97	2.27	472.54
750.42	0.08	8.29	23.73	456.81	5.86	2.28	472.79
486.13	0.13	-4.93	23.76	456.81	5.85	2.27	472.74
51064984	0.1	-7.19	23.76	437.84	5.95	2.28	472.79
51064984	0.09	-9.77	23.81	453.26	5.86	2.72	472.79
17703.18	0.08	-8.48	23.75	446.3	5.91	2.66	472.79
51064984	0.15	-6.22	23.7	442.88	6.03	2.28	472.49
51064984	0.18	-9.77	23.75	444.59	5.75	2.73	447.25
51064984	0.22	-3.96	23.79	437.84	5.66	2.27	447.3
1087.66	0.07	-6.22	23.8	436.18	5.67	2.68	447.3
51064984	0.12	-5.25	23.85	458.6	6.03	2.29	447.3
51064984	0.07	-6.22	23.85	444.59	5.73	2.29	447.5
51064984	0.05	-7.83	23.81	453.26	5.73	2.29	447.35
17703.18	0.19	-5.9	23.85	448.02	5.65	2.29	447.55
51064984	0.14	-7.19	23.79	462.21	5.82	2.29	447.3
51064984	0.05	-4.61	23.73	460.4	5.65	2.4	421.91
636.22	0.13	1.83	23.76	482.97	5.65	2.28	421.86
3525.28	0.03	-4.29	23.62	481.02	5.55	2.28	421.86
51064984	-0.02	14.74	23.7	499.05	5.69	2.31	421.91
51064984	0.13	-3.96	23.73	518.24	5.27	2.31	396.87
51064984	0.06	-9.45	23.61	531.73	5.42	2.3	396.82
51064984	0.01	-10.09	23.54	520.45	5.4	2.46	396.62
51064984	0.07	-9.12	23.45	501.13	5.4	2.29	396.52
533.62	0.08	-8.48	23.47	560.56	5.39	2.31	396.52
51064984	0.08	-8.8	23.44	527.17	5.45	2.29	396.52
912.7	0.04	-9.12	23.38	522.68	5.35	2.31	396.47
3525.28	0.07	-1.7	23.37	560.56	5.35	2.74	396.47
51064984	0.06	-13	23.36	558.06	5.45	2.31	396.52
51064984	0.2	-14.61	23.36	570.77	5.32	2.6	396.52
51064984	0.02	-12.35	23.23	550.67	5.32	2.3	396.52
51064984	0.11	-9.45	23.26	538.7	5.42	2.31	371.38
51064984	0.04	-19.77	23.18	565.63	5.41	2.29	371.33
51064984	0.05	-19.77	23.2	558.06	5.54	2.55	371.33
51064984	0.1	-17.83	23.2	563.08	5.44	2.54	396.47
51064984	0.09	-9.77	23.21	563.08	5.36	2.32	396.52
51064984	0.1	5.38	23.19	563.08	5.33	2.55	396.72
51064984	0.08	-13.96	23.25	565.63	5.33	2.32	396.52
51064984	0.12	-12.03	23.28	581.29	5.36	2.3	371.43
51064984	0.08	-16.54	23.32	529.45	5.34	2.3	396.62
1949.47	0.09	-1.7	23.28	524.92	5.35	2.29	396.62
51064984	0.03	-12.35	23.26	558.06	5.25	2.31	396.82
51064984	0.04	-6.87	23.25	531.73	5.45	2.31	396.57
51064984	0.04	-14.29	23.23	558.06	5.3	2.31	371.38
51064984	0.15	-11.06	23.25	570.77	5.3	2.32	396.47
51064984	0.14	8.29	23.26	545.83	5.19	2.59	396.52
51064984	0	-1.38	23.32	555.58	5.15	2.3	396.52
1245.95	0.06	-14.29	23.25	560.56	5.33	2.37	396.57
51064984	0.09	-14.93	23.28	560.56	5.3	2.3	396.97
51064984	0.13	1.83	23.28	548.24	5.19	2.32	396.52
51064984	0.1	12.48	23.2	565.63	5.24	2.31	396.72
51064984	0.12	3.12	23.2	558.06	5.21	2.31	396.57
51064984	0.13	-14.61	23.18	518.24	5.24	2.29	396.47
51064984	0.1	-15.58	23.29	541.06	5.25	2.32	396.52
51064984	0.06	-14.29	23.5	518.24	5.19	2.3	396.82
51064984	0.04	-13.96	23.46	522.68	5.26	2.3	371.83
51064984	0.1	-17.51	23.34	573.37	5.17	2.45	371.73
51064984	0.08	-14.93	23.37	568.19	5.33	2.32	396.97
51064984	0.11	-20.74	23.45	558.06	5.33	2.47	371.88
3525.28	0	-17.83	23.52	520.45	5.23	2.3	371.78
51064984	0.12	-18.8	23.46	560.56	5.28	2.32	396.87
51064984	0.08	-20.74	23.54	570.77	5.27	2.31	396.82
2195.69	0.13	-0.41	23.5	550.67	5.18	2.32	396.72
912.7	0.09	-21.06	23.52	560.56	5.32	2.3	396.82
51064984	0.09	-20.09	23.62	545.83	5.23	2.37	396.97
51064984	0.07	-0.09	23.69	550.67	5.36	2.31	396.72
51064984	0.09	-20.09	23.65	541.06	5.05	2.3	396.72
51064984	0.19	-20.41	23.68	548.24	5.32	2.31	396.82
51064984	0.05	-21.38	23.63	541.06	5.33	2.29	396.77
51064984	0.01	-19.45	23.78	503.21	5.35	2.29	422.21
51064984	0.14	-16.87	23.93	534.04	5.2	2.65	397.07
4411.63	0.02	-22.67	23.94	527.17	5.3	2.31	397.02
51064984	0.1	-24.93	23.87	536.36	5.17	2.32	396.97
51064984	0.12	-4.93	23.77	529.45	5.17	2.31	396.92
3525.28	0.05	-17.51	23.79	545.83	5.36	2.31	397.02
51064984	0.1	-19.77	23.75	555.58	5.4	2.5	396.97
51064984	0.08	-20.09	23.72	501.13	5.56	2.31	396.82
51064984	0.07	-21.06	23.72	548.24	5.3	2.31	397.02
51064984	0.09	-22.03	23.67	536.36	5.36	2.31	396.67
51064984	0.11	-11.7	23.59	568.19	5.27	2.32	396.62
51064984	0.1	-22.67	23.54	558.06	5.38	2.3	396.87
51064984	0.11	-1.06	23.52	565.63	5.34	2.31	396.82
51064984	0.12	-26.54	23.5	570.77	5.19	2.29	396.97
3525.28	0.05	-25.58	23.54	573.37	5.33	2.76	396.97
51064984	0.06	-26.87	23.47	543.43	5.26	2.7	397.02
51064984	0.03	-23	23.46	578.63	5.19	2.31	396.97
51064984	0.04	-20.74	23.47	575.99	5.52	2.76	396.67
51064984	0.03	-16.22	23.47	589.4	5.41	2.31	396.52
51064984	0.13	-3.64	23.51	536.36	5.3	2.31	396.77
51064984	0.02	-24.93	23.48	581.29	5.37	2.48	396.62
3525.28	0.09	-24.93	23.48	570.77	5.47	2.31	396.72
51064984	0.13	-28.48	23.46	534.04	5.32	2.29	396.62
51064984	0.08	-27.19	23.37	594.92	5.23	2.76	396.82
51064984	-0.09	-9.12	23.32	589.4	5.38	2.32	396.97
51064984	0.12	-2.03	23.37	600.52	5.26	2.29	396.77
51064984	0.12	-8.8	23.31	581.29	5.45	2.29	396.57
51064984	0.08	-27.51	23.31	594.92	5.52	2.66	396.77
51064984	0.1	-24.93	23.32	586.68	5.42	2.31	396.57
51064984	0.16	-25.58	23.3	570.77	5.33	2.31	396.72
51064984	0.05	-6.54	23.35	536.36	5.28	2.39	396.72
51064984	0.03	-25.25	23.35	553.11	5.39	2.53	396.57
51064984	0.01	-25.25	23.36	583.97	5.36	2.29	396.62
51064984	0.01	-24.29	23.29	558.06	5.24	2.72	396.47
51064984	0.01	-16.54	23.3	575.99	5.5	2.32	396.62
1591.32	0.03	-23.64	23.39	565.63	5.52	2.33	396.72
51064984	0.07	-24.29	23.54	563.08	5.54	2.31	396.82
51064984	0.1	-18.8	23.54	555.58	5.5	2.47	397.07
51064984	0.05	-20.74	23.65	558.06	5.49	2.31	397.02
912.7	0.14	-23.32	23.68	545.83	5.5	2.32	397.07
51064984	0.1	-21.7	23.67	534.04	5.32	2.41	422.21
51064984	0.09	-26.54	23.69	503.21	5.32	2.58	422.21
51064984	0.02	-23	23.65	543.43	5.41	2.31	422.21
51064984	0.04	-23	23.63	548.24	5.27	2.32	422.21
3525.28	0.23	-23.64	23.64	529.45	5.41	2.32	422.16
51064984	0.06	-21.38	23.62	555.58	5.36	2.31	422.21
1591.32	0.1	-21.38	23.71	527.17	5.41	2.75	397.02
51064984	0.08	-21.06	23.84	553.11	5.28	2.3	447.5
866.04	0.12	-24.93	23.86	534.04	5.28	2.39	472.79
51064984	0.09	-19.45	23.79	548.24	5.28	2.32	422.21
51064984	0.07	-20.41	23.86	548.24	5.43	2.31	422.21
51064984	0.03	-16.54	23.87	536.36	5.31	2.32	422.26
51064984	0.01	-8.16	23.94	534.04	5.23	2.3	422.21
51064984	0.14	-10.41	24.01	543.43	5.41	2.29	447.5
51064984	0	-18.48	24.05	509.57	5.3	2.29	447.45
51064984	0.02	-18.16	24.12	529.45	5.26	2.32	422.16
51064984	0.06	-18.8	24.17	503.21	5.24	2.31	422.16
51064984	0.09	-18.48	24.17	522.68	5.41	2.32	422.16
51064984	0.05	-21.38	24.12	531.73	5.39	2.3	447.5
8842.91	0.04	-11.7	24.3	511.71	5.28	2.29	472.74
51064984	0	-2.03	24.23	524.92	5.38	2.29	422.11
51064984	0.08	-18.8	24.28	531.73	5.55	2.37	447.5
612.77	0.14	-22.03	24.29	529.45	5.43	2.31	422.16
51064984	0.08	-23.64	24.29	509.57	5.35	2.56	422.11
2512.27	0.12	-4.93	24.35	518.24	5.41	2.32	422.21
51064984	0.03	-23.96	24.34	518.24	5.27	2.32	472.74
1949.47	0.05	-24.61	24.31	507.43	5.28	2.31	422.21
51064984	0.11	-19.45	24.34	490.9	5.35	2.32	422.11
51064984	-0.05	-10.09	24.32	503.21	5.26	2.31	422.11
51064984	0.05	-2.35	24.28	509.57	5.37	2.75	422.16
51064984	0.03	-2.03	24.31	516.05	5.34	2.32	422.11
51064984	0.11	-19.12	24.39	507.43	5.34	2.32	422.01
51064984	0.03	-23	24.3	511.71	5.32	2.29	422.11
51064984	0.12	-25.9	24.29	520.45	5.41	2.31	397.02
8842.91	0.04	-21.38	24.21	520.45	5.22	2.33	422.21
51064984	0.1	-20.09	24.21	518.24	5.35	2.31	397.07
51064984	0.08	-23.96	24.23	473.35	5.39	2.31	422.16
51064984	-0.03	-21.06	24.11	509.57	5.55	2.31	422.21
51064984	0.09	-20.41	24.12	511.71	5.48	2.32	422.21
51064984	0.04	-20.09	24.17	499.05	5.3	2.32	422.21
51064984	0.05	-19.12	24.2	486.91	5.47	2.3	422.21
51064984	0.09	-17.19	24.18	520.45	5.41	2.56	396.97
2512.27	0.03	-11.38	24.34	516.05	5.29	2.32	396.92
5888.81	0	-21.38	24.13	477.16	5.3	2.32	422.21
51064984	0.05	-23	24.12	482.97	5.36	2.3	397.07
51064984	0.13	-20.41	24.02	520.45	5.4	2.33	397.02
51064984	0.08	-25.58	23.89	522.68	5.49	2.32	421.91
1457.01	0.06	3.45	23.92	522.68	5.38	2.47	396.62
51064984	0.07	-20.09	23.88	529.45	5.36	2.76	396.92
51064984	0.09	-22.67	23.82	538.7	5.43	2.31	396.57
51064984	0.09	1.19	23.86	527.17	5.63	2.31	396.67
51064984	0.09	-18.8	23.85	507.43	5.42	2.32	396.82
51064984	0.04	-21.06	23.84	518.24	5.39	2.31	396.97
1343.36	0.1	-19.12	23.81	524.92	5.48	2.31	421.86
51064984	0.12	-17.19	23.78	541.06	5.58	2.31	396.62
51064984	0.02	-19.45	23.79	529.45	5.48	2.29	396.77
516.83	0	-17.83	23.76	516.05	5.41	2.3	421.96
51064984	0.12	-10.09	23.75	541.06	5.35	2.29	396.77
51064984	0.1	-24.93	23.76	538.7	5.41	2.31	396.72
1752.48	0.07	-25.25	23.75	545.83	5.53	2.3	421.86
51064984	0.04	-23.32	23.75	534.04	5.62	2.32	396.72
1949.47	0.08	-25.25	23.69	536.36	5.4	2.29	396.72
1949.47	0.04	-5.9	23.76	536.36	5.36	2.31	396.62
51064984	0.11	-24.61	23.78	531.73	5.04	2.75	396.92
51064984	0.1	-12.03	23.72	529.45	5.2	2.7	396.67
51064984	0.06	-18.8	23.78	548.24	5.32	2.59	396.72
51064984	0.11	-21.38	23.84	522.68	5.17	2.31	397.02
51064984	0.03	-10.74	23.75	527.17	5.3	2.29	396.77
51064984	0.15	-19.77	23.8	527.17	5.3	2.3	396.82
51064984	0.1	-17.83	23.85	534.04	5.18	2.3	396.72
51064984	0.05	-20.41	23.79	541.06	5.34	2.3	396.72
51064984	0.08	-20.09	23.77	543.43	5.31	2.29	396.82
51064984	0.11	-3.32	23.71	553.11	5.35	2.31	421.81
51064984	0.07	-21.38	23.73	522.68	5.44	2.31	396.72
51064984	0.14	-19.77	23.75	553.11	5.32	2.31	396.87
51064984	0.09	-14.61	23.7	553.11	5.39	2.7	396.82
4411.63	0.13	-18.48	23.73	563.08	5.1	2.31	422.01
3525.28	0.04	-23.96	23.67	560.56	5.4	2.31	396.62
51064984	0.07	-0.41	23.69	558.06	5.24	2.31	396.77
51064984	0.19	-20.41	23.78	522.68	5.23	2.32	421.81
51064984	0.07	-20.74	23.71	558.06	5.28	2.29	396.67
51064984	0.12	-14.61	23.77	545.83	5.32	2.3	396.92
51064984	0.02	-18.48	23.73	545.83	5.15	2.3	422.21
51064984	0.12	-14.61	23.76	548.24	5.21	2.31	396.72
1949.47	0.03	-5.25	23.8	520.45	5.2	2.34	396.92
51064984	0.09	-19.12	23.79	531.73	5.34	2.44	422.01
1591.32	0.07	-19.45	23.79	534.04	5.24	2.63	396.97
51064984	0.1	-14.93	23.87	505.32	5.33	2.3	422.21
51064984	0.06	-13.96	23.86	507.43	5.32	2.3	422.21
51064984	0.06	-17.51	23.8	509.57	5.27	2.75	422.21
718.3	0.05	-17.51	23.85	516.05	5.32	2.54	422.21
2195.69	0.16	-16.22	23.62	538.7	5.45	2.29	396.87
51064984	0.1	1.19	23.8	531.73	5.11	2.31	422.16
51064984	0.04	-13.96	23.95	522.68	5.24	2.31	422.21
51064984	0.09	-9.77	23.95	507.43	5.32	2.31	422.16
51064984	0.07	-16.87	24.04	507.43	5.34	2.3	422.21
51064984	0.09	-14.29	24.12	507.43	5.45	2.66	422.21
51064984	0.14	-15.9	24.07	503.21	5.37	2.31	422.21
51064984	0.12	-4.93	23.96	503.21	5.31	2.29	422.21
51064984	0.07	-12.67	24.01	529.45	5.27	2.44	422.21
51064984	0.08	-12.03	24.07	529.45	5.39	2.57	422.16
51064984	0.07	-2.67	24.06	529.45	5.19	2.31	422.21
51064984	0.04	-0.09	24.18	534.04	5.29	2.3	447.5
51064984	0.16	-10.41	24.12	501.13	5.3	2.31	447.45
51064984	0.12	-13.64	24.12	543.43	5.27	2.29	447.45
51064984	0.14	-9.45	24.17	507.43	5.19	2.3	447.45
51064984	0.07	-7.51	24.11	536.36	5.26	2.3	447.5
51064984	0.04	10.22	24.13	543.43	5.23	2.31	447.5
51064984	0.13	8.61	24.14	543.43	5.28	2.3	472.74
51064984	0.09	-10.41	24.19	538.7	5.17	2.31	447.5
51064984	0.05	-13.64	24.29	522.68	5.3	2.31	447.45
3525.28	0.09	-9.45	24.22	531.73	5.21	2.31	422.21
51064984	0.03	1.19	24.23	524.92	5.2	2.32	422.21
51064984	0.12	-7.19	24.27	531.73	5.3	2.3	422.21
486.13	0.05	-11.38	24.26	541.06	5.38	2.31	422.21
51064984	0.06	-13.96	24.22	536.36	5.18	2.32	422.21
51064984	0.06	6.67	24.28	538.7	5.34	2.33	422.21
3525.28	0.08	-6.22	24.19	534.04	5.16	2.31	422.21
51064984	0.03	-2.35	24.1	531.73	5.21	2.49	422.21
51064984	0.05	-12.67	24.03	545.83	5.24	2.33	447.5
51064984	0.07	8.61	23.97	545.83	5.27	2.32	447.5
51064984	0.11	2.16	23.96	548.24	5.27	2.31	447.45
17703.18	0.12	-10.41	23.87	541.06	5.46	2.32	447.5
1591.32	0.03	5.06	23.98	543.43	5.31	2.54	422.21
51064984	0.05	-9.45	24.03	499.05	5.22	2.58	422.21
51064984	0.04	-8.48	24.04	503.21	5.3	2.32	422.21
3525.28	0.07	-10.09	24.07	543.43	5.37	2.31	422.21
51064984	-0.01	9.25	24.06	538.7	5.26	2.33	447.5
51064984	0.17	-8.16	23.97	534.04	5.32	2.71	447.55
2195.69	0.03	-6.87	24.01	534.04	5.41	2.33	422.21
51064984	0.11	-10.09	24.09	527.17	5.26	2.32	422.21
51064984	0.14	2.16	24.01	529.45	5.35	2.31	422.11
51064984	0.03	-8.48	24.06	516.05	5.54	2.48	422.16
4411.63	0.11	1.19	24.04	484.93	5.4	2.3	447.5
51064984	0.08	-11.7	24.05	484.93	5.45	2.32	422.21
51064984	0.13	-9.77	24.13	505.32	5.33	2.76	422.16
51064984	0.09	-6.22	24.17	507.43	5.49	2.3	422.21
51064984	0.17	-7.19	24.13	507.43	5.26	2.32	422.21
51064984	0.18	-11.06	24.2	503.21	5.26	2.3	422.21
51064984	0.07	-8.8	24.15	516.05	5.34	2.31	422.21
51064984	0.06	0.22	23.95	531.73	5.41	2.31	422.21
51064984	0.09	-9.12	23.87	522.68	5.49	2.76	422.21
51064984	0.06	2.16	23.84	496.99	5.28	2.3	421.91
51064984	0.03	-6.54	24.03	541.06	5.21	2.32	422.21
51064984	0.23	-10.09	24.1	538.7	5.43	2.54	422.21
51064984	0.1	-10.74	24.05	529.45	5.45	2.32	422.21
51064984	0.06	-11.06	24.02	518.24	5.31	2.6	422.21
51064984	0.1	-11.06	24.02	501.13	5.15	2.3	397.07
8842.91	0.04	-8.16	24.02	543.43	5.3	2.74	422.21
51064984	0.1	-4.93	23.98	536.36	5.54	2.32	422.21
51064984	0.14	11.83	24	534.04	5.23	2.3	422.21
51064984	0.06	-9.12	23.93	534.04	5.22	2.31	422.16
51064984	0.06	12.8	23.86	518.24	5.32	2.3	422.21
51064984	0.09	-10.09	23.72	555.58	5.21	2.31	396.97
51064984	0.03	-4.93	23.79	507.43	5.34	2.3	422.21
51064984	0.1	-4.93	23.8	527.17	5.29	2.62	396.77
51064984	0.19	8.29	23.75	543.43	5.26	2.31	422.01
1022.48	0.09	-9.45	23.79	553.11	5.3	2.32	422.21
486.13	0.08	-11.38	23.71	505.32	5.47	2.31	422.21
51064984	0.08	-10.09	23.76	538.7	5.2	2.31	422.01
51064984	0.17	-9.77	23.68	548.24	5.28	2.31	421.86
51064984	0.16	-4.29	23.71	550.67	5.46	2.31	421.96
51064984	0.04	-7.83	23.81	536.36	5.26	2.34	421.91
51064984	0.1	-8.8	23.8	513.87	5.43	2.64	422.06
51064984	0.08	-7.51	23.78	553.11	5.33	2.32	422.16
51064984	0.15	-8.16	23.81	541.06	5.23	2.32	422.01
1949.47	0.04	-8.8	23.7	548.24	5.23	2.32	422.01
51064984	0.13	-10.09	23.72	531.73	5.2	2.32	396.67
51064984	0.09	-8.48	23.7	545.83	5.22	2.31	421.96
51064984	0.1	-1.06	23.7	527.17	5.36	2.31	422.01
51064984	0.11	12.8	23.7	568.19	5.38	2.31	421.91
3525.28	0.09	-7.51	23.78	558.06	5.25	2.32	421.91
51064984	0.09	-11.06	23.8	536.36	5.57	2.31	396.97
51064984	0.03	5.06	23.8	560.56	5.34	2.31	396.77
51064984	0.14	-1.06	23.8	538.7	5.3	2.3	396.97
718.3	0.06	-7.51	23.75	563.08	5.23	2.76	422.16
51064984	0.12	-10.74	23.79	560.56	5.48	2.3	422.21
51064984	0.12	-6.54	23.8	531.73	5.35	2.31	397.02
1949.47	0.04	-9.77	23.78	538.7	5.17	2.76	396.97
51064984	0.11	-4.29	23.84	553.11	5.36	2.31	396.97
51064984	0.1	-5.58	23.82	550.67	5.28	2.31	422.21
5888.81	0.15	-8.8	23.8	550.67	5.32	2.31	396.97
51064984	0.04	-7.51	23.76	545.83	5.45	2.31	422.21
51064984	0.09	-8.8	23.76	531.73	5.42	2.31	422.21
51064984	0.12	-9.45	23.79	522.68	5.46	2.3	422.21
51064984	0.15	-10.74	23.79	518.24	5.57	2.35	422.21
51064984	0.15	10.87	23.8	520.45	5.52	2.44	422.16
51064984	0.13	-7.83	23.61	479.08	5.44	2.3	422.16
51064984	0.07	-2.03	23.6	513.87	5.35	2.29	422.21
51064984	0.13	-7.51	23.68	490.9	5.45	2.3	422.21
51064984	0.13	-9.45	23.7	471.46	5.5	2.3	422.21
51064984	0.24	-8.48	23.82	509.57	5.36	2.36	422.21
51064984	0.1	-8.48	23.8	516.05	5.35	2.3	447.5
51064984	0.09	9.25	23.7	513.87	5.5	2.74	422.21
51064984	0.14	0.87	23.81	520.45	5.45	2.3	447.5
51064984	0.09	-9.77	23.8	499.05	5.49	2.31	422.16
51064984	0.14	-10.41	23.78	511.71	5.49	2.3	447.45
51064984	0.08	-6.87	23.8	534.04	5.53	2.45	422.16
51064984	0.13	-9.12	23.87	541.06	5.29	2.29	447.5
3525.28	0.15	-8.48	24	499.05	5.45	2.3	447.5
51064984	0.09	6.03	23.98	481.02	5.26	2.29	422.16
51064984	0.08	-10.74	23.96	477.16	5.42	2.3	447.5
51064984	0.06	-7.19	23.94	531.73	5.49	2.63	447.5
51064984	0.14	-4.93	24.03	536.36	5.34	2.31	447.45
51064984	0.12	-7.51	23.95	543.43	5.42	2.31	422.16
51064984	0.05	-6.22	23.95	545.83	5.12	2.65	422.16
51064984	0.08	-8.16	24	541.06	5.4	2.31	447.5
51064984	0.09	-7.19	23.98	516.05	5.34	2.34	422.11
51064984	0.06	-10.09	24	541.06	5.33	2.61	422.16
51064984	0.05	-9.45	24.15	543.43	5.41	2.49	472.74
51064984	0.05	-11.38	24.26	543.43	5.46	2.3	472.54
51064984	0.09	-5.9	24.32	529.45	5.36	2.31	422.16
51064984	0.03	-12.35	24.3	520.45	5.39	2.58	422.06
51064984	0.03	-6.87	24.38	499.05	5.43	2.55	422.21
51064984	0.11	9.9	24.32	524.92	5.32	2.31	422.16
51064984	0.04	-9.45	24.21	536.36	5.48	2.31	447.5
51064984	0.12	-11.06	24.12	538.7	5.45	2.75	447.5
1591.32	0.12	-0.74	24.12	543.43	5.46	2.3	447.5
51064984	0.14	-6.87	24.05	536.36	5.33	2.31	447.45
51064984	-0.01	-8.8	24	518.24	5.39	2.74	447.5
51064984	0.17	1.19	24	555.58	5.65	2.46	498.08
51064984	0.1	-9.12	24.12	513.87	5.49	2.3	498.13
51064984	0.08	-8.48	24.04	538.7	5.45	2.31	447.5
51064984	0.11	-11.06	24.02	531.73	5.27	2.3	447.55
51064984	0.11	-8.16	24.04	529.45	5.27	2.32	422.21
51064984	0.12	-7.51	24.13	529.45	5.14	2.52	472.74
51064984	0.06	-8.16	24.32	516.05	5.44	2.29	497.98
51064984	0.02	-13	24.4	516.05	5.21	2.38	422.11
51064984	0.07	-11.06	24.37	505.32	5.26	2.32	422.11
51064984	-0.04	-1.7	24.48	456.81	5.27	2.32	447.4
51064984	0.02	-5.9	24.59	488.9	5.26	2.5	447.35
51064984	0.14	-9.12	24.63	488.9	5.23	2.58	422.26
51064984	0.01	-9.77	24.73	460.4	5.25	2.32	447.4
51064984	0.09	-12.67	24.76	451.5	5.36	2.69	422.21
51064984	0.12	-7.19	24.7	477.16	5.21	2.31	421.96
51064984	0.08	3.45	24.62	484.93	5.24	2.33	396.87
51064984	0.13	12.16	24.54	473.35	5.33	2.32	422.11
1591.32	0.1	-7.19	24.37	462.21	5.37	2.75	422.16
3525.28	0.11	-7.51	24.38	507.43	5.26	2.32	422.21
5888.81	0.09	-7.83	24.35	507.43	5.44	2.32	422.16
51064984	0.09	-10.41	24.32	486.91	5.1	2.67	422.16
458.75	0.11	-12.35	24.36	511.71	5.25	2.75	422.16
1752.48	0.14	-6.22	24.25	484.93	5.19	2.76	422.21
51064984	0.14	-10.41	24.22	511.71	5.07	2.64	422.21
51064984	0.13	-11.06	24.19	516.05	5.35	2.36	422.21
51064984	0.03	-10.74	24.2	520.45	5.29	2.32	422.21
51064984	0.08	-10.41	24.2	509.57	5.28	2.31	422.21
501.03	0.06	-8.48	24.18	529.45	5.28	2.44	422.16
51064984	0.05	3.77	24.06	524.92	5.31	2.31	422.21
51064984	0.1	-7.51	24.03	516.05	5.35	2.32	422.21
51064984	0.05	3.45	23.89	541.06	5.21	2.32	421.86
51064984	0.13	-8.48	23.88	541.06	5.41	2.31	421.96
51064984	0.11	-10.74	23.95	536.36	5.36	2.72	422.21
912.7	0.09	-9.77	23.87	531.73	5.37	2.32	422.06
51064984	0.22	-0.41	23.93	538.7	5.33	2.32	422.21
51064984	0.15	-9.12	23.93	541.06	5.34	2.32	396.97
8842.91	0.11	-8.8	23.88	548.24	5.28	2.32	396.97
1087.66	0.1	-5.9	23.87	545.83	5.22	2.53	422.16
51064984	0.14	-10.74	23.87	545.83	5.31	2.32	422.06
51064984	0.09	-7.19	23.87	555.58	5.33	2.76	422.21
51064984	0.15	-10.74	23.9	550.67	5.24	2.32	422.21
51064984	0.06	12.16	23.95	560.56	5.16	2.32	422.21
3525.28	0.13	-8.16	23.95	543.43	5.43	2.5	422.06
51064984	0.12	10.54	24.02	555.58	5.19	2.48	422.21
51064984	0.09	-8.16	23.93	563.08	5.07	2.37	422.21
1752.48	0.08	8.29	23.84	558.06	5.32	2.75	421.96
51064984	0.16	-7.51	23.87	565.63	5.12	2.32	422.21
51064984	0.17	-2.67	23.77	524.92	5.26	2.31	422.21
51064984	0.16	-4.61	23.84	531.73	5.21	2.31	422.21
51064984	0.09	-7.51	23.86	570.77	5.29	2.53	422.16
51064984	0.16	-4.93	23.86	563.08	5.23	2.68	422.21
51064984	0.1	-5.58	23.8	536.36	5.34	2.31	422.21
51064984	0.23	-8.48	23.76	575.99	5.28	2.3	422.21
51064984	0.11	-10.74	23.8	568.19	5.42	2.29	422.21
51064984	0.19	14.41	23.73	527.17	5.37	2.29	422.16
51064984	0.05	-4.93	23.78	565.63	5.33	2.3	422.21
51064984	0.13	-7.83	23.7	558.06	5.47	2.44	422.16
51064984	0.11	-11.06	23.75	548.24	5.5	2.39	422.01
51064984	0.14	-6.87	23.71	534.04	5.47	2.74	421.91
51064984	0.08	-7.19	23.8	531.73	5.54	2.31	447.5
51064984	0.05	-9.45	23.79	513.87	5.54	2.42	447.5
51064984	0.09	-9.45	23.81	505.32	5.33	2.3	447.5
51064984	0.11	-6.22	23.68	518.24	5.53	2.33	447.5
51064984	0	10.87	23.68	499.05	5.55	2.28	447.4
51064984	0.06	-12.03	23.78	439.51	5.7	2.31	498.08
51064984	0.03	11.83	23.82	464.04	5.78	2.68	447.35
3525.28	0.09	-11.7	23.87	429.64	5.5	2.3	447.5
51064984	0.12	2.8	23.84	420.12	5.52	2.28	447.45
1591.32	0.01	7.32	23.93	451.5	5.45	2.28	447.5
51064984	0.07	5.06	23.92	424.84	5.42	2.34	422.21
51064984	0.08	7.64	23.97	423.26	5.36	2.38	422.16
51064984	0.02	8.29	23.96	471.46	5.43	2.36	447.5
51064984	0.1	17.32	24.01	426.43	5.34	2.3	447.45
51064984	0.14	9.58	24.12	456.81	5.29	2.7	472.74
51064984	0.1	10.54	24.09	453.26	5.36	2.35	422.11
51064984	0.11	12.48	24.12	453.26	5.42	2.32	447.5
51064984	0.15	10.54	24.03	460.4	5.08	2.29	422.21
51064984	0.09	10.87	24.1	490.9	5.16	2.3	447.4
51064984	0.16	7.96	24.04	464.04	5.37	2.31	422.21
51064984	0.13	7	24.03	503.21	5.21	2.31	447.5
2934.36	0.06	15.38	24	473.35	5.5	2.38	447.45
51064984	0.17	8.61	23.92	475.25	5.36	2.32	422.21
51064984	0.08	8.29	23.77	505.32	5.54	2.64	447.55
51064984	0.13	11.19	23.71	444.59	5.3	2.35	447.5
51064984	0.09	8.29	23.71	486.91	5.32	2.39	422.21
51064984	0.01	14.74	23.75	511.71	5.14	2.3	422.21
51064984	0.11	21.51	23.68	471.46	5.43	2.67	472.79
51064984	0.07	26.35	23.55	505.32	5.29	2.29	447.2
1457.01	0.13	21.51	23.56	439.51	5.56	2.28	447.4
51064984	0.16	21.51	23.7	475.25	5.32	2.29	472.44
5888.81	0.12	20.54	23.81	507.43	5.28	2.73	447.2
51064984	0.03	30.22	23.85	473.35	5.39	2.71	447.25
51064984	0.21	22.48	23.8	486.91	5.45	2.28	447.5
51064984	0.1	34.74	23.73	505.32	5.34	2.29	447.5
51064984	0.14	35.06	23.7	471.46	5.46	2.3	447.35
51064984	0.12	23.77	23.71	451.5	5.36	2.29	422.01
51064984	0.04	24.74	23.78	486.91	5.58	2.35	447.35
51064984	0.15	22.8	23.8	469.59	5.37	2.3	447.3
51064984	0.09	25.7	23.8	458.6	5.46	2.3	422.21
51064984	0.02	21.83	23.71	507.43	5.4	2.65	422.11
51064984	0.09	22.16	23.7	469.59	5.43	2.29	422.06
51064984	0.09	23.12	23.62	488.9	5.45	2.36	422.01
51064984	-0.01	26.35	23.73	496.99	5.42	2.3	422.21
51064984	0.1	23.12	23.79	462.21	5.38	2.41	422.16
51064984	0.13	22.8	23.78	484.93	5.49	2.3	422.21
51064984	0.11	34.09	23.7	437.84	5.56	2.3	422.21
51064984	0.06	25.06	23.72	436.18	5.48	2.3	447.5
51064984	0.09	27	23.79	453.26	5.58	2.54	447.5
912.7	0.13	20.87	23.81	428.03	5.41	2.31	422.21
446.14	0.04	32.8	23.69	451.5	5.53	2.31	422.16
51064984	0.03	24.09	23.65	441.19	5.43	2.74	422.01
51064984	0.07	30.54	23.6	439.51	5.52	2.45	422.06
51064984	0.14	23.77	23.5	475.25	5.67	2.29	421.96
51064984	0.14	23.77	23.5	405	5.5	2.5	422.11
51064984	0.07	22.8	23.62	409.45	5.56	2.29	422.16
51064984	0.06	22.8	23.68	462.21	5.64	2.46	422.21
51064984	0.11	35.38	23.7	428.03	5.38	2.31	422.21
51064984	0.05	33.45	23.67	471.46	5.56	2.3	422.21
51064984	0.13	22.48	23.6	432.89	5.55	2.3	422.21
51064984	0.02	22.16	23.42	467.73	5.45	2.49	421.96
51064984	0.03	22.8	23.32	486.91	5.56	2.3	421.86
51064984	0.05	22.8	23.35	428.03	5.69	2.41	447.2
51064984	0.01	35.7	23.31	418.57	5.79	2.29	447.15
1591.32	0.06	23.12	23.29	441.19	5.91	2.29	447.1
51064984	0.13	28.93	23.35	386.61	5.96	2.29	447.15
51064984	0.17	32.8	23.37	365.73	6.03	2.29	447.05
51064984	0.09	26.67	23.35	410.94	6.01	2.26	472.39
51064984	0.12	34.09	23.45	377.25	6.26	2.29	472.39
51064984	0.15	33.12	23.51	379.89	6.15	2.29	472.74
51064984	0.06	25.06	23.57	403.54	6.04	2.29	472.54
2195.69	0.16	22.8	23.61	372.06	6.09	2.27	472.79
51064984	0.08	34.41	23.7	358.36	5.99	2.27	472.79
51064984	0.13	24.41	23.62	406.47	5.97	2.27	472.79
51064984	0.1	23.12	23.62	343.15	5.92	2.27	472.79
51064984	0.16	33.45	23.71	400.63	6.02	2.29	472.79
51064984	0.18	30.22	23.7	379.89	5.88	2.29	472.79
51064984	0.18	25.38	23.59	397.77	6.03	2.71	472.54
51064984	0.03	34.41	23.5	329.99	6.45	2.66	523.27
51064984	0.12	24.41	23.52	354.76	6.4	2.28	523.12
51064984	0.09	35.38	23.52	392.12	6.13	2.26	497.88
51064984	0.1	25.7	23.48	381.22	6.13	2.28	497.78
17703.18	0.07	21.19	23.52	417.03	6.21	2.28	497.83
51064984	0.07	22.16	23.54	370.78	6	2.27	472.54
51064984	0.16	23.77	23.51	421.69	5.8	2.27	497.68
51064984	0.04	23.45	23.51	378.56	5.85	2.28	497.73
51064984	0.12	22.16	23.51	405	5.84	2.28	472.54
51064984	0.12	25.7	23.54	424.84	5.58	2.29	472.34
1591.32	0.14	24.09	23.55	426.43	5.36	2.29	472.49
51064984	0.11	23.12	23.55	449.76	5.52	2.29	472.34
51064984	0.06	21.19	23.54	421.69	5.63	2.45	472.34
51064984	0.11	22.8	23.59	464.04	5.48	2.27	472.34
51064984	0.04	33.45	23.64	428.03	5.54	2.27	472.44
51064984	0.11	31.51	23.64	462.21	5.62	2.29	472.34
51064984	0.12	24.09	23.65	399.2	5.43	2.29	472.54
51064984	0.06	23.12	23.69	441.19	5.82	2.29	472.49
17703.18	0.09	21.51	23.64	413.97	5.63	2.3	472.34
51064984	0.07	30.87	23.69	412.45	5.56	2.29	447.2
5888.81	0.12	21.19	23.65	464.04	5.61	2.3	447.1
51064984	0.01	25.7	23.62	421.69	5.8	2.3	447.45
51064984	0.03	24.09	23.62	471.46	5.72	2.39	447.5
51064984	0.04	23.77	23.64	477.16	5.51	2.64	422.06
51064984	0.15	23.12	23.71	484.93	5.5	2.31	422.21
51064984	0.15	34.74	23.78	494.95	5.6	2.32	422.21
51064984	0.03	21.83	23.79	484.93	5.4	2.39	422.21
51064984	0.14	20.87	23.79	501.13	5.35	2.32	422.01
51064984	0.14	20.87	23.8	496.99	5.32	2.32	397.02
661.47	0.07	32.8	23.7	505.32	5.29	2.32	422.21
51064984	0.1	23.77	23.73	531.73	5.23	2.47	421.96
1591.32	0.17	22.8	23.85	529.45	5.42	2.31	422.21
17703.18	0.13	35.38	23.76	538.7	5.28	2.59	397.02
1949.47	0.09	23.77	23.78	503.21	5.19	2.32	422.11
5888.81	0.07	23.77	23.77	545.83	5.26	2.31	397.07
51064984	0.1	25.06	23.76	568.19	5.26	2.32	396.97
1591.32	0.04	22.16	23.72	560.56	5.47	2.31	396.92
1343.36	0.09	23.77	23.65	560.56	5.34	2.6	421.91
51064984	0.17	23.12	23.67	558.06	5.15	2.49	396.97
1752.48	0.07	24.74	23.69	565.63	5.31	2.72	396.97
51064984	0.11	24.74	23.54	558.06	5.48	2.3	396.77
51064984	0.02	23.12	23.52	524.92	5.34	2.75	396.87
51064984	0.1	22.8	23.4	531.73	5.22	2.32	396.72
2195.69	0.07	24.09	23.39	545.83	5.49	2.31	421.76
51064984	0.08	27.64	23.4	543.43	5.35	2.32	421.86
17703.18	0.07	24.09	23.48	573.37	5.22	2.31	422.21
51064984	0.06	23.12	23.52	586.68	5.12	2.75	421.86
51064984	0.06	22.8	23.54	578.63	5.35	2.32	421.86
51064984	0.11	23.12	23.6	575.99	5.28	2.32	396.92
51064984	0.11	24.09	23.62	578.63	5.39	2.31	422.16
51064984	0.14	23.12	23.61	568.19	5.19	2.76	422.01
51064984	0.11	22.16	23.62	581.29	5.28	2.3	422.11
2934.36	0.13	28.29	23.69	568.19	5.24	2.29	421.91
516.83	0.06	20.87	23.67	565.63	5.22	2.31	421.96
51064984	0.03	20.87	23.68	522.68	5.37	2.3	422.21
2512.27	0.1	23.12	23.62	563.08	5.36	2.31	421.96
51064984	0.16	22.8	23.61	578.63	5.45	2.31	397.02
51064984	0.06	22.48	23.69	558.06	5.26	2.32	447.1
51064984	0.08	22.16	23.57	573.37	5.3	2.3	422.01
51064984	0.1	31.19	23.6	536.36	5.34	2.72	422.01
51064984	0.04	22.8	23.71	568.19	5.24	2.31	447.4
51064984	0.07	21.19	23.71	527.17	5.47	2.31	422.21
51064984	0.05	34.09	23.7	553.11	5.43	2.31	422.21
51064984	0.1	22.16	23.65	529.45	5.44	2.31	396.72
51064984	0.08	20.87	23.6	543.43	5.36	2.32	396.97
51064984	0.06	22.8	23.56	555.58	5.44	2.32	396.92
51064984	0.01	25.38	23.54	555.58	5.47	2.3	396.72
1752.48	0.01	35.38	23.51	548.24	5.41	2.34	396.87
51064984	0.13	24.74	23.5	465.88	5.32	2.31	396.77
51064984	0.06	21.19	23.47	516.05	5.45	2.31	396.97
51064984	0.14	22.16	23.42	527.17	5.5	2.7	396.97
51064984	0.11	23.12	23.43	558.06	5.44	2.31	396.97
51064984	0.08	23.12	23.42	550.67	5.41	2.32	396.97
51064984	0.07	26.67	23.38	543.43	5.3	2.56	396.67
51064984	0.09	22.8	23.37	550.67	5.4	2.31	396.72
51064984	0.13	27.64	23.4	553.11	5.38	2.31	396.77
51064984	0.13	31.83	23.39	553.11	5.37	2.74	396.97
51064984	0.12	34.41	23.39	555.58	5.51	2.3	396.62
51064984	0.08	22.16	23.4	568.19	5.5	2.62	396.77
51064984	0.13	35.7	23.37	573.37	5.48	2.3	396.77
434.17	0.13	22.48	23.35	536.36	5.39	2.31	396.57
51064984	0	22.8	23.38	570.77	5.4	2.5	396.72
2934.36	0.12	22.8	23.36	527.17	5.34	2.31	396.67
51064984	0.05	24.41	23.34	553.11	5.45	2.34	396.57
51064984	0.08	24.74	23.35	575.99	5.25	2.3	396.72
2512.27	0.05	21.83	23.3	581.29	5.39	2.3	396.67
51064984	0.19	25.38	23.29	560.56	5.23	2.31	396.62
51064984	0.06	23.45	23.29	583.97	5.34	2.32	396.72
51064984	0.1	24.41	23.29	583.97	5.46	2.32	396.52
51064984	-0.03	24.41	23.29	575.99	5.38	2.62	396.52
51064984	0.06	22.16	23.3	573.37	5.22	2.69	396.57
51064984	0.12	22.16	23.32	541.06	5.21	2.32	396.52
51064984	0.09	23.77	23.25	573.37	5.3	2.68	396.47
51064984	0.03	22.8	23.19	555.58	5.39	2.3	396.57
51064984	0.03	22.8	23.2	570.77	5.46	2.32	396.52
51064984	0.15	23.45	23.14	589.4	5.25	2.3	396.52
1949.47	0.1	24.74	23.14	603.36	5.42	2.31	396.57
51064984	0.15	22.16	23.12	592.15	5.41	2.31	396.47
1949.47	0.09	25.06	23.17	603.36	5.37	2.59	396.47
51064984	0.16	29.9	23.15	603.36	5.4	2.31	396.57
51064984	0.14	35.38	23.14	600.52	5.36	2.31	396.52
51064984	0.09	34.41	23.1	570.77	5.48	2.31	396.52
51064984	0.1	21.83	23.06	570.77	5.43	2.31	396.47
1752.48	0.17	21.83	23.09	620.87	5.41	2.31	396.47
51064984	0.1	24.41	23.06	578.63	5.43	2.32	396.47
51064984	0.05	26.03	23.07	614.94	5.17	2.32	396.52
551.49	0.09	21.83	23.06	623.88	5.4	2.45	396.47
51064984	0.06	33.45	23.09	626.9	5.45	2.3	396.42
51064984	0.04	25.38	23.04	623.88	5.45	2.31	396.47
51064984	0.16	36.03	23.03	617.89	5.27	2.67	396.47
750.42	0.15	24.74	23.04	626.9	5.32	2.41	396.52
51064984	0	27.64	23.05	617.89	5.43	2.63	396.52
51064984	0.02	33.77	23.07	568.19	5.31	2.32	396.52
1087.66	0.07	33.45	23.12	603.36	5.53	2.78	396.47
51064984	0.11	32.48	23.12	600.52	5.5	2.3	396.47
51064984	0.1	23.77	23.05	581.29	5.54	2.75	396.47
51064984	0.07	25.38	23.05	589.4	5.47	2.31	396.47
51064984	0.12	32.16	23.06	565.63	5.48	2.32	396.47
51064984	0.12	24.74	23.04	589.4	5.25	2.34	396.47
51064984	0.13	36.03	23.02	609.1	5.42	2.3	396.47
51064984	0.18	23.45	23.01	612.01	5.4	2.32	396.52
51064984	0.02	27.96	23.01	606.22	5.41	2.32	396.52
51064984	0.07	26.35	22.98	614.94	5.32	2.64	396.52
51064984	0.11	31.83	22.94	609.1	5.32	2.65	396.47
51064984	0.06	22.16	22.94	594.92	5.47	2.58	396.47
17703.18	0.08	27	22.88	620.87	5.33	2.32	396.47
688.75	0.1	27.64	22.86	612.01	5.51	2.31	396.42
51064984	0.08	22.8	22.84	617.89	5.47	2.47	396.42
51064984	0.1	25.7	22.85	614.94	5.35	2.58	396.47
51064984	0.05	25.7	22.86	617.89	5.29	2.49	396.47
51064984	0.02	25.38	22.92	623.88	5.55	2.77	396.57
51064984	0.06	25.06	22.9	614.94	5.54	2.49	396.57
51064984	0.05	34.74	22.88	623.88	5.56	2.32	396.47
5888.81	0.12	25.7	22.87	626.9	5.39	2.31	396.52
51064984	0.14	31.51	22.82	639.28	5.65	2.31	396.47
51064984	0.08	22.16	22.81	609.1	5.36	2.43	396.52
1949.47	-0.02	30.54	22.8	614.94	5.58	2.3	396.47
4411.63	0.09	25.38	22.7	642.44	5.42	2.32	396.47
51064984	0.09	23.77	22.7	626.9	5.6	2.3	396.47
51064984	0.14	24.41	22.71	620.87	5.47	2.31	396.47
51064984	0.03	25.06	22.64	620.87	5.66	2.31	396.47
51064984	0.14	23.77	22.7	614.94	5.47	2.3	396.47
51064984	0.06	35.38	22.72	612.01	5.61	2.32	396.47
1949.47	0.08	22.16	22.8	623.88	5.35	2.3	396.47
51064984	0.14	32.8	22.73	623.88	5.45	2.77	396.42
51064984	0.14	23.77	22.76	609.1	5.48	2.31	396.47
51064984	0.07	29.25	22.78	583.97	5.42	2.31	396.47
4411.63	0.07	28.29	22.82	570.77	5.56	2.3	396.42
51064984	0.05	21.83	22.84	600.52	5.54	2.31	396.52
51064984	0.14	26.35	22.79	600.52	5.64	2.31	396.47
51064984	0.1	23.77	22.75	558.06	5.43	2.31	396.47
1022.48	0.08	21.51	22.77	583.97	5.66	2.31	396.47
51064984	0.15	23.45	22.73	555.58	5.48	2.3	396.47
51064984	0.18	26.35	22.81	617.89	5.64	2.31	396.52
17703.18	0.09	21.83	22.92	609.1	5.15	2.29	421.81
51064984	0.1	22.8	22.64	603.36	5.17	2.39	421.71
51064984	0.12	27	22.65	623.88	5.35	2.31	396.52
2934.36	0.12	24.41	22.62	612.01	5.41	2.31	421.71
51064984	0.09	29.58	22.65	597.71	5.28	2.29	421.71
51064984	0.11	23.12	22.71	589.4	5.36	2.31	421.71
51064984	0.06	23.12	22.77	568.19	5.56	2.68	421.71
51064984	0.06	22.8	22.7	594.92	5.41	2.31	421.71
17703.18	0.2	23.77	22.61	583.97	5.64	2.6	396.42
51064984	0.1	35.7	22.63	581.29	5.43	2.3	396.42
51064984	0.09	34.74	22.72	592.15	5.42	2.31	396.52
51064984	0.12	33.45	22.75	578.63	5.47	2.3	396.52
51064984	0.13	24.41	22.78	575.99	5.48	2.31	396.52
51064984	0.1	21.51	22.77	565.63	5.41	2.31	396.47
51064984	0.08	24.09	22.77	531.73	5.31	2.29	396.47
51064984	0.12	28.93	22.79	565.63	5.46	2.32	396.47
17703.18	0.17	22.16	22.78	518.24	5.4	2.55	396.52
51064984	0.12	22.8	22.79	560.56	5.44	2.31	396.47
51064984	0.14	23.77	22.71	575.99	5.4	2.49	396.47
51064984	0.16	33.12	22.62	589.4	5.48	2.42	396.42
51064984	0.11	30.87	22.6	592.15	5.5	2.31	396.42
51064984	0.15	23.45	22.57	594.92	5.53	2.68	396.52
51064984	0.08	36.35	22.56	589.4	5.58	2.31	396.52
51064984	0.12	22.8	22.59	617.89	5.42	2.31	396.42
51064984	0.08	24.74	22.56	603.36	5.55	2.3	396.47
51064984	0.06	34.74	22.57	600.52	5.65	2.52	396.47
51064984	0.04	33.45	22.59	594.92	5.46	2.7	396.47
51064984	0.09	21.83	22.62	578.63	5.53	2.3	396.47
51064984	0.16	25.06	22.62	583.97	5.54	2.31	396.47
51064984	0.07	25.38	22.62	586.68	5.58	2.31	396.42
51064984	0.11	29.9	22.61	597.71	5.53	2.31	396.42
51064984	0.09	21.83	22.57	565.63	5.35	2.31	396.47
17703.18	0.22	21.83	22.62	581.29	5.34	2.29	396.52
5888.81	0.13	22.16	22.61	612.01	5.5	2.29	396.42
51064984	0.17	23.77	22.59	617.89	5.45	2.3	396.42
51064984	0.04	30.22	22.54	612.01	5.43	2.31	396.47
1752.48	0.03	31.51	22.61	581.29	5.35	2.61	396.47
51064984	0.21	34.09	22.62	592.15	5.19	2.3	396.47
51064984	0.08	23.77	22.65	592.15	5.46	2.77	396.52
17703.18	0.1	24.74	22.65	606.22	5.31	2.55	396.42
51064984	0.13	29.25	22.63	629.96	5.38	2.36	396.42
1949.47	0.11	22.8	22.62	623.88	5.52	2.43	396.42
51064984	0.15	32.8	22.62	639.28	5.41	2.3	396.47
51064984	0.17	28.93	22.62	606.22	5.41	2.3	396.42
51064984	0.07	24.41	22.62	629.96	5.34	2.3	396.52
718.3	0.1	27.32	22.63	626.9	5.45	2.3	396.47
51064984	0.09	22.8	22.62	626.9	5.45	2.31	396.47
51064984	0	36.35	22.59	575.99	5.3	2.31	396.47
1949.47	0.15	27.32	22.62	633.04	5.38	2.31	396.42
51064984	0.1	35.7	22.62	633.04	5.55	2.31	396.42
51064984	0.07	22.8	22.6	629.96	5.3	2.32	396.47
51064984	0.06	22.16	22.6	636.15	5.33	2.32	396.47
17703.18	0.08	23.77	22.62	606.22	5.23	2.32	396.42
51064984	0.16	21.83	22.6	614.94	5.42	2.31	396.47
51064984	0.17	36.03	22.62	603.36	5.52	2.55	396.47
51064984	0.07	23.77	22.61	633.04	5.26	2.32	396.47
51064984	0	28.61	22.62	629.96	5.43	2.35	396.47
51064984	0.09	30.54	22.59	626.9	5.28	2.31	396.47
3525.28	0.1	22.16	22.6	629.96	5.41	2.69	396.47
51064984	0.09	23.77	22.6	581.29	5.41	2.53	396.42
51064984	0.06	23.77	22.62	612.01	5.37	2.32	396.47
51064984	0.18	23.45	22.62	620.87	5.5	2.3	396.42
51064984	0.07	25.7	22.62	612.01	5.55	2.44	396.42
1949.47	0.04	36.35	22.59	583.97	5.46	2.31	396.47
51064984	0.11	25.06	22.59	626.9	5.44	2.32	396.42
51064984	0.11	22.8	22.5	614.94	5.32	2.31	396.47
51064984	0.19	21.83	22.52	570.77	5.46	2.31	396.42
51064984	0.06	24.09	22.42	589.4	5.38	2.3	396.42
51064984	0.08	26.35	22.38	655.35	5.38	2.31	396.42
51064984	0.14	26.35	22.37	623.88	5.62	2.31	396.42
51064984	0.07	23.12	22.38	597.71	5.51	2.3	396.42
51064984	0.16	29.58	22.3	655.35	5.58	2.47	396.42
51064984	0.09	23.12	22.32	661.98	5.5	2.62	396.47
17703.18	0.16	28.29	22.31	655.35	5.34	2.31	371.68
8842.91	0.13	23.45	22.28	661.98	5.2	2.31	396.42
51064984	0.04	25.06	22.15	658.65	5.39	2.32	396.42
51064984	0.1	25.06	22.17	658.65	5.24	2.31	396.42
51064984	0.14	25.38	22.14	661.98	5.47	2.31	396.42
1591.32	0.16	27.32	22.12	603.36	5.46	2.31	371.68
51064984	0.03	22.8	22.37	603.36	5.6	2.31	396.42
51064984	0.12	35.38	22.52	626.9	5.34	2.31	396.42
51064984	0.06	33.45	22.52	645.63	5.36	2.77	396.47
51064984	0.19	24.74	22.57	645.63	5.39	2.32	396.47
51064984	0.19	22.8	22.63	642.44	5.43	2.64	396.47
1752.48	0.04	27	22.61	633.04	5.56	2.31	396.42
51064984	0.19	22.16	22.62	639.28	5.34	2.77	396.47
51064984	0.08	23.77	22.71	570.77	5.39	2.63	396.47
51064984	0.17	22.8	22.64	636.15	5.36	2.31	396.47
51064984	0.13	35.38	22.5	642.44	5.51	2.3	396.42
1343.36	0.14	36.35	22.51	633.04	5.55	2.31	396.42
51064984	0.05	23.45	22.54	589.4	5.56	2.75	396.42
51064984	0.02	23.77	22.65	592.15	5.56	2.32	396.42
2512.27	0.03	22.16	22.79	578.63	5.49	2.32	396.52
51064984	0.07	24.74	22.77	626.9	5.37	2.33	396.47
17703.18	0.08	31.51	22.79	636.15	5.45	2.32	396.47
51064984	0.12	23.77	22.82	639.28	5.52	2.35	396.47
51064984	0.08	27.64	22.79	575.99	5.35	2.32	396.52
51064984	0.04	35.38	22.84	636.15	5.3	2.3	396.52
51064984	0.13	30.54	22.81	626.9	5.53	2.74	396.52
1343.36	0.08	25.7	22.7	623.88	5.34	2.31	396.52
51064984	0.05	29.25	22.45	633.04	5.56	2.32	396.42
51064984	0.15	23.45	22.3	629.96	5.51	2.31	396.42
2934.36	0.04	25.7	22.2	639.28	5.58	2.76	396.42
51064984	0.02	35.7	22.12	639.28	5.51	2.31	396.47
2512.27	0.13	22.16	21.96	645.63	5.57	2.32	396.42
51064984	0.1	23.12	21.92	636.15	5.5	2.57	396.47
51064984	0.07	36.03	21.95	629.96	5.78	2.32	396.47
51064984	0.08	26.67	22.05	575.99	5.58	2.32	396.47
2512.27	0.08	24.41	22.17	626.9	5.58	2.59	396.47
51064984	0.14	31.83	22.2	614.94	5.43	2.32	396.42
17703.18	0.07	36.03	22.25	626.9	5.33	2.55	396.42
51064984	0.21	23.45	22.29	597.71	5.7	2.32	396.42
516.83	0.09	22.16	22.36	603.36	5.5	2.4	396.42
51064984	0.09	26.67	22.32	548.24	5.64	2.32	396.42
51064984	0.19	24.41	22.32	560.56	5.65	2.3	421.71
51064984	0.07	24.41	22.37	520.45	5.43	2.31	421.71
1343.36	0.14	22.8	22.46	513.87	5.69	2.48	421.67
51064984	0.14	26.35	22.54	563.08	5.61	2.32	421.71
51064984	0.12	25.06	22.6	548.24	5.6	2.31	421.71
51064984	0.23	24.74	22.6	541.06	5.72	2.31	396.42
51064984	0.01	22.16	22.65	534.04	5.59	2.32	421.76
51064984	0.09	36.35	22.67	548.24	5.7	2.3	421.71
51064984	0.16	21.83	22.69	527.17	5.5	2.77	396.47
51064984	0.1	26.35	22.7	555.58	5.68	2.77	396.47
5888.81	0.15	23.12	22.56	570.77	5.69	2.32	396.52
51064984	0.15	36.35	22.55	538.7	5.66	2.31	396.47
17703.18	0.1	23.12	22.59	558.06	5.57	2.4	396.47
51064984	0	23.45	22.55	541.06	5.58	2.31	396.47
51064984	0.15	35.38	22.54	589.4	5.65	2.59	396.42
51064984	0.15	28.61	22.54	594.92	5.39	2.51	396.47
51064984	0.12	24.41	22.51	617.89	5.57	2.77	396.47
2512.27	0.1	22.8	22.6	617.89	5.45	2.61	396.42
51064984	0.15	34.74	22.54	617.89	5.38	2.38	396.47
1591.32	0.16	22.8	22.56	633.04	5.45	2.55	396.47
17703.18	0.14	23.45	22.55	565.63	5.54	2.31	396.47
718.3	0.14	23.77	22.59	629.96	5.65	2.32	396.52
51064984	0.1	33.45	22.6	629.96	5.42	2.32	396.47
51064984	0.08	23.77	22.62	594.92	5.49	2.32	396.42
51064984	0.16	24.41	22.62	626.9	5.53	2.32	396.47
51064984	0.18	22.16	22.62	629.96	5.46	2.32	396.42
51064984	0.07	30.22	22.62	626.9	5.5	2.32	396.52
51064984	0.18	32.8	22.61	594.92	5.45	2.32	396.52
51064984	0.1	24.41	22.59	639.28	5.43	2.3	396.47
51064984	0.15	24.74	22.57	629.96	5.52	2.31	396.42
51064984	0.16	33.77	22.59	636.15	5.26	2.31	396.47
51064984	0.13	22.8	22.59	642.44	5.37	2.31	396.52
51064984	0.07	23.45	22.6	606.22	5.23	2.31	396.47
1949.47	0.09	22.8	22.56	633.04	5.47	2.76	396.47
1949.47	0.16	31.83	22.52	614.94	5.4	2.76	396.42
51064984	0.1	36.03	22.59	636.15	5.24	2.31	396.42
51064984	0.08	30.22	22.62	626.9	5.58	2.31	396.47
51064984	0.2	24.41	22.61	575.99	5.43	2.54	396.47
51064984	0.09	23.77	22.62	612.01	5.33	2.29	396.42
2512.27	0.11	36.35	22.57	592.15	5.51	2.31	396.47
51064984	0.24	23.77	22.62	594.92	5.6	2.31	396.52
51064984	0.11	22.8	22.82	570.77	5.58	2.31	396.52
51064984	0.04	35.38	22.89	531.73	5.73	2.64	421.71
51064984	0.11	25.7	22.95	543.43	5.59	2.32	421.86
51064984	0.03	21.83	22.97	527.17	5.69	2.58	421.86
51064984	0.1	22.16	23.01	527.17	5.78	2.3	396.57
2512.27	0.08	21.83	22.9	503.21	5.5	2.29	396.62
1949.47	0.09	33.45	22.84	518.24	5.56	2.31	396.67
51064984	0.14	24.41	22.88	581.29	5.49	2.34	396.52
51064984	0.13	22.16	22.87	594.92	5.47	2.32	396.67
2934.36	0.04	23.45	22.82	603.36	5.65	2.57	396.57
51064984	0.09	21.83	22.8	612.01	5.37	2.32	396.57
51064984	0.14	25.7	22.87	609.1	5.36	2.32	396.57
2934.36	0.08	24.74	22.94	609.1	5.27	2.32	396.57
51064984	0.08	21.83	22.97	620.87	5.43	2.36	396.67
912.7	0.06	36.03	22.95	623.88	5.58	2.32	396.82
551.49	0.05	21.83	23.03	629.96	5.4	2.32	421.86
51064984	0.04	23.45	23.11	612.01	5.41	2.32	396.47
51064984	0.01	35.38	23.09	633.04	5.5	2.74	396.57
51064984	0.09	27	22.93	592.15	5.56	2.31	421.71
1343.36	0.17	31.83	23.26	612.01	5.41	2.3	421.86
51064984	0.13	22.8	23.3	614.94	5.3	2.32	396.62
51064984	0.16	22.8	23.32	609.1	5.41	2.58	396.77
51064984	0.08	23.12	23.4	565.63	5.45	2.32	396.97
51064984	0.07	25.06	23.56	600.52	5.51	2.3	396.97
51064984	0.12	32.48	23.67	597.71	5.33	2.32	422.21
51064984	0.1	24.09	23.77	583.97	5.26	2.3	396.97
1949.47	0.12	35.38	23.82	583.97	5.54	2.33	396.97
51064984	0.09	22.48	23.88	583.97	5.38	2.49	396.92
51064984	0.15	22.16	23.97	575.99	5.5	2.7	396.97
51064984	0.13	22.8	24.04	586.68	5.39	2.32	396.87
51064984	0.15	22.16	24.09	570.77	5.44	2.32	396.92
51064984	0.11	32.48	24.17	531.73	5.39	2.45	396.92
51064984	0.07	33.12	24.26	555.58	5.45	2.32	396.82
551.49	0.15	32.8	24.28	568.19	5.39	2.32	396.82
51064984	0.14	23.12	24.36	543.43	5.5	2.32	396.87
51064984	0.19	22.16	24.38	538.7	5.52	2.33	396.77
3525.28	0.15	32.8	24.52	555.58	5.6	2.7	396.82
51064984	0.09	32.16	24.61	545.83	5.13	2.33	397.07
51064984	0.09	21.51	24.7	518.24	5.31	2.33	396.87
51064984	0.01	23.12	24.78	531.73	5.31	2.33	371.83
51064984	0.15	24.09	24.79	524.92	5.23	2.33	396.97
51064984	0.16	24.74	24.79	494.95	5.37	2.7	396.87
51064984	0.08	25.7	24.75	524.92	5.39	2.33	371.83
51064984	0.07	35.06	24.67	520.45	5.25	2.31	397.12
51064984	0.15	23.12	24.5	536.36	5.37	2.31	371.83
1591.32	0.09	22.8	24.34	527.17	5.48	2.6	396.77
51064984	0.15	22.8	24.2	503.21	5.26	2.31	371.73
590.93	0.14	24.09	24.05	541.06	5.27	2.33	371.83
51064984	0.13	23.45	23.68	565.63	5.24	2.32	371.83
51064984	0.09	34.09	23.25	589.4	5.47	2.63	396.97
51064984	0.08	27.64	22.96	597.71	5.39	2.78	371.58
2512.27	0.07	27.64	22.88	609.1	5.6	2.31	371.53
51064984	0.12	35.38	22.96	597.71	5.39	2.33	371.58
51064984	0.12	22.16	23.15	578.63	5.55	2.32	396.87
51064984	0.13	22.8	23.4	575.99	5.21	2.78	396.92
51064984	0.14	26.03	23.54	581.29	5.41	2.32	396.92
51064984	0.07	25.38	23.65	589.4	5.36	2.72	371.83
51064984	0.11	23.12	23.79	575.99	5.27	2.36	371.78
51064984	0.15	22.8	23.8	583.97	5.37	2.3	396.77
51064984	0.09	29.25	23.87	578.63	5.36	2.32	396.92
51064984	0.07	33.45	23.87	531.73	5.37	2.33	396.87
51064984	0.04	33.77	23.92	568.19	5.27	2.33	397.02
3525.28	0.12	22.16	24.04	573.37	5.09	2.34	396.72
51064984	0.15	26.03	24.11	555.58	5.28	2.31	396.82
51064984	0.07	34.74	24.13	570.77	5.4	2.32	396.82
51064984	0.19	27	24.11	534.04	5.41	2.33	396.77
51064984	0.14	21.51	24.17	568.19	5.24	2.63	396.82
51064984	0.08	23.12	24.02	563.08	5.17	2.31	396.87
3525.28	0.12	22.8	23.86	583.97	5.19	2.61	396.92
51064984	0.08	23.12	23.55	560.56	5.23	2.32	396.97
51064984	0.19	26.03	23.31	614.94	5.23	2.35	396.92
51064984	0.06	32.48	23.2	620.87	5.25	2.32	396.72
51064984	0.17	22.16	23.04	623.88	5.38	2.32	396.57
51064984	0.15	22.8	22.85	645.63	5.41	2.32	396.72
51064984	0.15	24.41	22.86	655.35	5.36	2.32	396.47
51064984	0.16	35.38	23.13	639.28	5.46	2.32	396.72
1457.01	0.18	21.83	23.2	612.01	5.57	2.32	396.72
51064984	0.12	24.41	23.23	620.87	5.26	2.31	396.92
1161.53	0.14	23.77	23.26	606.22	5.3	2.32	396.92
17703.18	0.14	32.48	23.31	629.96	5.32	2.31	396.92
1949.47	0.01	22.16	23.32	633.04	5.34	2.32	396.77
51064984	0.17	25.7	23.34	629.96	5.26	2.32	396.97
51064984	0.18	31.19	23.29	642.44	5.44	2.3	396.87
51064984	0.17	25.06	23.36	592.15	5.41	2.31	396.92
51064984	0.13	27.32	23.2	639.28	5.36	2.3	396.92
51064984	0.14	21.83	23.27	636.15	5.36	2.3	396.92
51064984	0.09	23.12	23.28	639.28	5.35	2.65	396.92
51064984	0.16	23.12	23.26	633.04	5.32	2.32	396.87
51064984	0.15	21.83	23.28	623.88	5.36	2.32	396.97
51064984	0.09	24.74	23.28	626.9	5.4	2.32	396.97
5888.81	0.13	21.83	23.31	614.94	5.39	2.7	396.97
823.83	0.1	23.45	23.31	597.71	5.47	2.61	396.92
51064984	0.09	36.03	23.29	614.94	5.47	2.31	396.97
51064984	0.08	26.67	23.3	581.29	5.43	2.32	396.97
51064984	0.12	24.41	23.37	612.01	5.43	2.32	396.97
51064984	0.15	22.8	23.34	589.4	5.39	2.32	396.97
51064984	0.11	36.03	23.4	589.4	5.42	2.37	396.97
1087.66	0.15	23.77	23.55	581.29	5.44	2.32	422.16
51064984	0.08	23.77	23.55	583.97	5.38	2.76	396.92
51064984	0.12	33.77	23.53	573.37	5.57	2.32	396.92
51064984	0.21	24.41	23.54	578.63	5.53	2.34	396.97
1591.32	0.18	24.09	23.54	578.63	5.47	2.58	396.97
51064984	0.18	32.8	23.6	578.63	5.46	2.32	396.92
51064984	0.03	36.03	23.61	581.29	5.51	2.32	396.97
2934.36	0.12	22.8	23.65	583.97	5.47	2.31	396.97
1022.48	0.06	22.8	23.6	583.97	5.47	2.35	396.97
1949.47	0.15	25.06	23.61	578.63	5.39	2.32	396.97
51064984	0.12	23.77	23.54	581.29	5.57	2.45	422.21
51064984	0.12	22.8	23.62	592.15	5.65	2.78	422.16
912.7	0.16	22.16	23.64	550.67	5.28	2.35	422.16
51064984	0.16	33.12	23.68	597.71	5.57	2.32	422.21
1022.48	0.15	36.03	23.7	592.15	5.36	2.33	422.21
1591.32	0.1	21.51	23.69	600.52	5.41	2.33	422.16
458.75	0.08	31.83	23.71	594.92	5.52	2.32	422.16
51064984	0.11	20.87	23.7	581.29	5.48	2.52	422.11
458.75	0.12	23.77	23.65	600.52	5.43	2.7	422.16
51064984	0.07	26.35	23.65	597.71	5.45	2.77	422.16
51064984	0.13	26.03	23.67	570.77	5.2	2.31	422.16
51064984	0.23	26.03	23.79	550.67	5.32	2.33	422.16
51064984	0.12	24.41	23.8	550.67	5.23	2.58	422.21
51064984	0.14	23.12	23.67	565.63	5.37	2.32	422.16
51064984	0.11	35.38	23.61	603.36	5.34	2.33	422.16
51064984	0.17	25.38	23.55	589.4	5.45	2.71	422.16
51064984	0.11	21.19	23.55	600.52	5.38	2.36	422.21
51064984	0.12	22.16	23.64	578.63	5.37	2.32	422.16
51064984	0.19	22.16	23.67	581.29	5.37	2.32	422.11
5888.81	0.08	35.38	23.82	573.37	5.47	2.34	422.16
51064984	0.11	24.09	23.88	518.24	5.5	2.34	422.16
51064984	0.16	23.45	23.87	553.11	5.46	2.32	422.11
1591.32	0.16	24.41	24.04	529.45	5.45	2.72	447.45
5888.81	0.03	22.16	23.95	568.19	5.5	2.73	447.4
51064984	0.13	34.74	23.89	545.83	5.53	2.31	422.16
51064984	0.07	25.7	23.87	565.63	5.47	2.31	422.16
51064984	0.06	26.03	23.85	573.37	5.19	2.32	422.21
51064984	0.07	23.12	23.82	568.19	5.43	2.32	422.16
2934.36	0.1	22.16	23.85	553.11	5.53	2.32	447.5
51064984	0.14	23.12	23.76	538.7	5.3	2.3	447.45
51064984	0.04	24.41	23.76	560.56	5.33	2.32	447.45
51064984	0.06	21.19	23.87	568.19	5.39	2.32	447.45
51064984	0.09	27.96	23.89	560.56	5.54	2.32	422.21
51064984	0.13	22.8	23.92	543.43	5.48	2.33	422.21
51064984	0.07	23.12	23.95	550.67	5.37	2.35	422.21
51064984	0.17	24.09	23.87	555.58	5.37	2.45	396.97
51064984	0.11	25.7	23.79	570.77	5.47	2.33	396.92
51064984	0.08	21.51	23.85	578.63	5.45	2.32	396.92
51064984	0.08	23.45	23.69	581.29	5.39	2.33	396.97
2934.36	0.01	23.77	23.6	600.52	5.44	2.42	396.87
51064984	0.11	24.41	23.56	586.68	5.54	2.32	422.16
51064984	0.06	26.03	23.55	581.29	5.27	2.32	422.01
51064984	0.1	34.09	23.51	589.4	5.47	2.33	396.92
17703.18	0.13	23.77	23.47	603.36	5.5	2.33	396.97
1949.47	0.13	35.38	23.45	589.4	5.32	2.55	422.21
51064984	0.09	33.77	23.35	536.36	5.27	2.52	421.86
51064984	0.07	24.41	23.39	594.92	5.5	2.35	396.92
2934.36	0.15	23.77	23.44	597.71	5.47	2.31	396.97
1752.48	0.1	23.77	23.42	589.4	5.23	2.45	396.97
51064984	0.1	23.77	23.37	570.77	5.57	2.32	422.21
51064984	0.1	23.45	23.39	529.45	5.56	2.33	422.21
51064984	0.04	22.8	23.38	518.24	5.56	2.32	422.06
2934.36	0.05	23.77	23.45	583.97	5.34	2.31	422.21
51064984	0.11	36.03	23.4	570.77	5.43	2.31	396.97
51064984	0.1	24.41	23.4	589.4	5.31	2.32	422.21
51064984	0.04	33.45	23.4	568.19	5.49	2.34	422.16
51064984	0.17	25.7	23.5	586.68	5.3	2.78	422.21
51064984	0.26	22.8	23.45	573.37	5.52	2.31	422.21
51064984	0.05	26.03	23.44	573.37	5.49	2.33	422.21
51064984	0.13	23.45	23.48	568.19	5.35	2.32	422.21
51064984	0.08	21.51	23.52	578.63	5.26	2.38	422.11
51064984	0.08	24.74	23.45	581.29	5.43	2.75	422.21
51064984	0.06	28.29	23.48	586.68	5.02	2.33	422.01
51064984	0.07	23.77	23.48	550.67	5.29	2.78	422.06
51064984	0.03	23.45	23.45	592.15	5.29	2.58	422.16
1949.47	0.14	22.8	23.54	606.22	5.41	2.39	422.21
51064984	0.17	30.87	23.51	600.52	5.32	2.32	422.16
51064984	0.21	24.09	23.51	592.15	5.35	2.31	396.97
964.54	0.09	26.67	23.47	603.36	5.47	2.34	422.21
51064984	0.16	29.9	23.52	600.52	5.29	2.74	422.16
51064984	0.13	34.74	23.54	550.67	5.38	2.33	422.06
51064984	0.04	23.77	23.53	543.43	5.36	2.32	396.97
51064984	0.09	24.41	23.55	603.36	5.38	2.79	396.87
51064984	0.05	27.96	23.51	612.01	5.44	2.33	421.96
823.83	0.12	35.38	23.5	560.56	5.34	2.46	422.21
51064984	0.04	22.16	23.51	603.36	5.26	2.33	421.86
51064984	0.08	33.45	23.53	609.1	5.29	2.5	396.97
51064984	0.09	24.41	23.55	548.24	5.35	2.33	421.96
51064984	0.09	24.41	23.45	603.36	5.53	2.34	396.77
51064984	0.11	22.16	23.51	558.06	5.32	2.31	396.97
1087.66	0.08	21.19	23.51	609.1	5.43	2.34	396.97
4411.63	0.09	21.51	23.48	603.36	5.22	2.5	396.77
1949.47	0.18	22.16	23.45	603.36	5.45	2.74	422.11
51064984	0.11	22.8	23.48	560.56	5.36	2.32	421.91
1591.32	0.02	23.45	23.48	555.58	5.54	2.45	422.21
51064984	0.13	25.06	23.53	570.77	5.38	2.46	422.21
51064984	0.09	21.51	23.67	548.24	5.49	2.31	397.02
51064984	0.1	23.77	23.7	513.87	5.47	2.33	397.02
1087.66	0.1	22.48	23.76	548.24	5.54	2.46	422.21
51064984	0.17	21.19	23.71	545.83	5.41	2.32	396.97
3525.28	0.1	34.09	23.86	555.58	5.33	2.32	397.02
51064984	0.04	22.48	23.69	538.7	5.35	2.48	397.02
51064984	0.06	20.87	23.77	529.45	5.45	2.32	422.16
51064984	0.13	22.16	23.68	501.13	5.35	2.36	422.21
51064984	0.21	21.51	23.64	560.56	5.59	2.33	422.16
51064984	0.11	34.74	23.77	563.08	5.51	2.48	422.21
51064984	0.08	22.8	23.79	548.24	5.39	2.34	422.16
51064984	0.12	32.48	23.8	550.67	5.43	2.32	422.21
51064984	0.14	22.48	23.8	560.56	5.27	2.33	422.16
51064984	0.09	21.51	23.79	563.08	5.39	2.32	422.21
51064984	0.13	21.51	23.79	563.08	5.33	2.32	422.11
51064984	0.09	23.77	23.88	520.45	5.32	2.32	447.5
51064984	0.04	26.67	23.79	560.56	5.16	2.75	422.16
51064984	0.16	20.87	23.86	543.43	5.33	2.32	422.16
51064984	0.12	32.8	23.76	570.77	5.28	2.31	447.45
51064984	0.05	22.8	23.78	573.37	5.3	2.33	447.45
51064984	0.15	34.09	23.78	536.36	5.26	2.32	447.5
51064984	0.11	35.38	23.88	570.77	5.39	2.32	447.5
51064984	0.15	24.41	23.87	581.29	5.39	2.31	422.16
51064984	0.11	22.8	23.84	538.7	5.23	2.33	422.11
51064984	0.09	21.51	23.8	548.24	5.54	2.32	422.16
1591.32	0.13	21.51	23.79	531.73	5.31	2.36	422.21
51064984	0.18	22.8	23.8	565.63	5.4	2.32	422.11
51064984	0.18	23.12	23.79	589.4	5.42	2.35	447.45
51064984	0.11	22.16	23.77	583.97	5.37	2.31	447.5
51064984	-0.02	35.38	23.81	531.73	5.23	2.52	422.21
51064984	0.1	24.09	23.78	568.19	5.29	2.33	447.45
5888.81	0.1	24.74	23.78	565.63	5.42	2.33	447.5
17703.18	0	23.77	23.8	578.63	5.39	2.32	447.45
2934.36	0.13	23.12	23.8	568.19	5.45	2.33	447.4
17703.18	0.08	33.77	23.87	555.58	5.49	2.65	422.06
51064984	0.12	28.93	23.75	560.56	5.45	2.33	447.5
51064984	0.03	24.09	23.77	558.06	5.32	2.33	422.11
51064984	0.1	28.61	23.75	560.56	5.41	2.44	422.21
51064984	0.08	26.67	23.76	575.99	5.38	2.33	422.16
51064984	0.01	21.51	23.79	568.19	5.5	2.31	472.79
1591.32	0.12	20.87	23.87	560.56	5.43	2.32	422.16
51064984	0.13	21.83	23.89	560.56	5.47	2.75	422.11
51064984	0.06	24.74	23.95	558.06	5.35	2.31	422.11
51064984	0.08	24.09	24.01	560.56	5.28	2.47	472.69
51064984	0.14	24.74	24.02	560.56	5.31	2.31	447.45
51064984	0.04	24.74	24.04	555.58	5.46	2.43	422.16
51064984	0.2	33.45	24.03	558.06	5.34	2.33	422.16
51064984	0.1	24.41	24.06	568.19	5.37	2.33	422.16
51064984	0.04	21.83	23.76	570.77	5.45	2.36	422.16
