27.64	455.03	2.66	6.0	23.6	0.0	0.16	5.6	396.67
22.8	469.59	2.57	8.0	23.61	0.0	0.05	5.38	396.82
23.77	469.59	2.57	4.0	23.62	0.0	0.08	5.5	396.72
31.51	475.25	2.27	6.0	23.52	0.0	0.09	5.42	396.67
20.54	458.6	2.27	5.0	23.54	0.0	0.13	5.53	396.77
31.83	471.46	2.27	8.0	23.55	0.0	0.09	5.56	396.67
24.41	456.81	2.27	8.0	23.61	0.0	0.11	5.71	396.67
23.12	473.35	2.27	8.0	23.55	0.0	0.11	5.6	396.92
22.16	458.6	2.34	5.0	23.51	0.0	0.08	5.56	396.72
23.77	482.97	2.27	0.0	23.59	0.0	0.09	5.52	396.87
23.77	499.05	2.26	8.0	23.51	0.0	0.15	5.45	396.97
23.77	505.32	2.28	9.0	23.6	0.0	0.13	5.28	396.82
34.41	511.71	2.27	5.0	23.5	0.0	0.17	5.23	397.02
24.74	513.87	2.46	2.0	23.5	0.0	0.11	5.59	396.82
22.16	520.45	2.26	9.0	23.53	0.0	0.12	5.41	396.72
34.09	522.68	2.44	5.0	23.52	0.0	0.14	5.39	396.87
24.74	527.17	2.29	8.0	23.47	0.0	0.14	5.41	396.67
25.7	481.02	2.26	2.0	23.55	0.0	0.1	5.36	396.82
22.8	465.88	2.27	8.0	23.55	0.0	0.13	5.58	397.07
22.48	490.9	2.26	1.0	23.56	0.0	0.0	5.75	397.07
22.48	490.9	2.28	56.0	23.54	0.0	0.07	5.62	396.77
25.7	509.57	2.27	19.0	23.55	0.0	0.22	5.6	397.07
27.32	490.9	2.26	74.0	23.78	0.0	0.11	5.67	396.77
20.87	501.13	2.28	36.0	23.82	0.0	0.17	5.52	397.07
22.16	507.43	2.28	58.0	23.86	0.0	0.14	5.63	397.07
28.93	511.71	2.27	72.0	23.7	0.0	0.13	5.48	397.02
28.29	505.32	2.27	39.0	23.55	0.0	0.14	5.57	396.97
23.77	503.21	2.28	65.0	23.54	0.0	0.16	5.6	396.97
24.74	507.43	2.49	74.0	23.46	0.0	0.11	5.62	396.77
24.09	464.04	2.28	58.0	23.44	0.0	0.03	5.56	396.97
23.77	486.91	2.7	38.0	23.53	0.0	0.14	5.58	396.82
24.09	496.99	2.3	10.0	23.55	0.0	0.09	5.4	422.16
24.41	490.9	2.26	90.0	23.65	0.0	0.16	5.62	397.02
24.09	471.46	2.53	82.0	23.71	0.0	0.11	5.63	397.07
23.77	503.21	2.27	5.0	23.75	0.0	0.13	5.43	397.02
22.8	488.9	2.28	0.0	23.82	0.0	0.1	5.54	397.02
21.51	505.32	2.25	1.0	23.84	0.0	0.06	5.51	397.12
25.7	496.99	2.41	94.0	23.9	0.0	0.12	5.62	397.12
22.8	496.99	2.27	72.0	23.85	0.0	0.12	5.54	422.16
21.83	507.43	2.71	1.0	23.89	0.0	0.19	5.51	422.21
28.29	509.57	2.27	68.0	23.95	0.0	0.2	5.33	422.21
22.16	511.71	2.4	64.0	24.02	0.0	0.08	5.31	422.21
23.77	464.04	2.27	81.0	24.1	0.0	0.18	5.52	397.07
21.51	492.92	2.28	89.0	24.07	0.0	0.11	5.36	397.07
25.06	494.95	2.25	28.0	23.94	0.0	0.1	5.59	422.21
22.48	451.5	2.27	92.0	24.03	0.0	0.09	5.55	422.21
34.09	455.03	2.27	88.0	24.17	0.0	0.12	5.56	397.07
33.77	473.35	2.69	58.0	24.12	0.0	0.09	5.54	397.07
29.25	479.08	2.27	22.0	24.09	0.0	0.09	5.38	422.16
21.51	481.02	2.25	60.0	24.07	0.0	0.08	5.61	422.21
22.16	488.9	2.26	60.0	24.02	0.0	0.07	5.57	422.21
22.48	492.92	2.25	31.0	24.12	0.0	0.11	5.45	422.21
25.06	499.05	2.27	39.0	24.02	0.0	0.13	5.59	422.11
31.51	507.43	2.27	62.0	24.04	0.0	0.12	5.54	422.21
21.51	503.21	2.25	90.0	24.12	0.0	0.25	5.5	422.21
23.77	473.35	2.33	8.0	24.2	0.0	0.19	5.43	397.12
23.45	505.32	2.28	6.0	24.17	0.0	0.14	5.36	422.21
22.16	511.71	2.29	28.0	24.07	0.0	0.06	5.45	422.21
21.51	513.87	2.46	55.0	24.04	0.0	0.17	5.53	422.16
21.83	522.68	2.33	31.0	23.98	0.0	0.12	5.51	422.16
31.51	518.24	2.27	51.0	24.04	0.0	0.08	5.59	422.06
22.16	503.21	2.26	94.0	23.95	0.0	0.07	5.46	447.45
20.54	499.05	2.54	0.0	23.97	0.0	0.14	5.58	422.21
22.16	516.05	2.26	12.0	23.96	0.0	0.0	5.62	422.16
21.51	488.9	2.49	69.0	23.96	0.0	0.14	5.62	422.16
31.19	507.43	2.28	65.0	24.04	0.0	0.14	5.25	422.21
23.77	501.13	2.28	32.0	24.12	0.0	0.09	5.36	422.21
23.45	507.43	2.69	64.0	24.0	0.0	0.14	5.54	397.07
20.54	499.05	2.26	31.0	24.04	0.0	0.07	5.5	422.21
22.16	496.99	2.28	51.0	24.04	0.0	0.04	5.55	422.26
23.77	490.9	2.28	80.0	24.02	0.0	0.04	5.6	422.16
22.16	501.13	2.28	49.0	24.0	0.0	0.11	5.53	422.21
23.45	499.05	2.28	56.0	23.98	0.0	0.07	5.5	422.21
20.87	494.95	2.28	69.0	24.05	0.0	0.14	5.44	422.26
20.87	471.46	2.29	78.0	24.04	0.0	0.11	5.45	422.26
27.64	488.9	2.29	90.0	24.04	0.0	0.02	5.6	422.21
34.09	484.93	2.29	89.0	24.19	0.0	0.15	5.57	397.07
24.74	490.9	2.29	1.0	24.32	0.0	0.06	5.45	397.07
25.06	455.03	2.29	42.0	24.19	0.0	0.16	5.32	397.07
22.48	496.99	2.29	25.0	24.1	0.0	0.06	5.48	397.07
21.19	496.99	2.27	50.0	24.12	0.0	0.05	5.34	396.97
21.51	507.43	2.29	78.0	24.04	0.0	0.14	5.37	397.02
20.54	496.99	2.29	22.0	23.96	0.0	0.17	5.39	422.16
30.22	499.05	2.29	64.0	24.05	0.0	0.08	5.37	397.07
33.77	511.71	2.29	48.0	24.09	0.0	0.08	5.34	397.07
22.48	509.57	2.28	18.0	23.87	0.0	0.09	5.39	422.21
20.54	503.21	2.29	19.0	23.84	0.0	0.06	5.41	422.21
20.87	501.13	2.29	72.0	23.85	0.0	0.1	5.58	422.01
30.87	520.45	2.31	14.0	23.8	0.0	0.11	5.32	397.07
21.83	529.45	2.37	85.0	23.77	0.0	0.05	5.33	396.82
23.12	531.73	2.28	62.0	23.73	0.0	0.14	5.26	396.87
26.03	531.73	2.72	99.0	23.64	0.0	0.11	5.52	396.82
24.09	541.06	2.29	6.0	23.62	0.0	0.08	5.38	396.92
32.8	538.7	2.52	0.0	23.61	0.0	0.07	5.49	396.97
23.45	541.06	2.55	14.0	23.75	0.0	0.08	5.36	396.77
28.93	545.83	2.32	28.0	23.72	0.0	0.08	5.49	396.82
25.7	538.7	2.65	6.0	23.79	0.0	0.04	5.32	397.02
22.48	541.06	2.39	35.0	23.95	0.0	0.06	5.35	396.87
24.09	543.43	2.28	25.0	23.85	0.0	0.06	5.34	397.07
34.09	545.83	2.74	15.0	23.79	0.0	0.05	5.45	397.02
26.03	536.36	2.73	2.0	23.8	0.0	0.1	5.6	396.82
22.16	555.58	2.75	70.0	23.87	0.0	0.04	5.35	397.07
26.35	518.24	2.58	38.0	23.7	0.0	0.03	5.32	397.07
24.74	560.56	2.31	76.0	23.76	0.0	0.06	5.2	397.12
22.16	555.58	2.3	81.0	23.71	0.0	0.0	5.28	397.02
22.48	558.06	2.72	6.0	23.64	0.0	0.14	5.61	397.07
33.12	541.06	2.41	70.0	23.7	0.0	0.13	5.41	397.07
29.58	527.17	2.52	49.0	23.73	0.0	0.04	5.32	396.82
20.87	553.11	2.3	40.0	23.7	0.0	0.04	5.35	396.87
20.87	550.67	2.3	75.0	23.57	0.0	0.07	5.47	397.02
30.54	543.43	2.3	30.0	23.68	0.0	0.08	5.36	422.21
31.51	541.06	2.28	2.0	23.62	0.0	0.0	5.44	422.11
23.12	518.24	2.33	80.0	23.61	0.0	0.06	5.58	422.21
24.09	505.32	2.28	56.0	23.67	0.0	0.09	5.56	421.96
25.06	494.95	2.28	68.0	23.81	0.0	0.1	5.66	397.07
32.48	524.92	2.3	72.0	23.61	0.0	0.01	5.52	422.21
25.06	486.91	2.29	50.0	23.7	0.0	0.07	5.54	422.01
24.74	527.17	2.3	45.0	23.57	0.0	0.06	5.53	422.11
22.8	490.9	2.29	61.0	23.62	0.0	0.15	5.52	422.11
25.06	513.87	2.64	39.0	23.62	0.0	0.06	5.58	422.21
25.7	503.21	2.64	35.0	23.64	0.0	0.1	5.57	422.16
21.83	505.32	2.29	62.0	23.59	0.0	0.02	5.55	447.35
25.7	484.93	2.29	49.0	23.69	0.0	0.14	5.77	447.4
27.32	436.18	2.71	52.0	23.87	0.0	0.07	5.6	447.3
23.45	444.59	2.48	15.0	23.67	0.0	0.19	5.7	447.5
26.03	417.03	2.29	45.0	23.61	0.0	0.11	5.66	422.21
26.03	477.16	2.29	98.0	23.61	0.0	0.08	5.64	422.21
27.0	486.91	2.3	28.0	23.62	0.0	0.07	5.74	422.16
24.41	481.02	2.3	28.0	23.65	0.0	0.13	5.56	422.16
8.29	496.99	2.53	68.0	23.68	0.0	0.08	5.6	422.21
0.22	513.87	2.3	81.0	23.62	0.0	0.04	5.58	422.21
-0.74	524.92	2.74	48.0	23.7	0.0	0.07	5.45	422.21
-5.9	520.45	2.29	8.0	23.8	0.0	0.09	5.51	422.21
-3.0	522.68	2.29	98.0	23.73	0.0	0.13	5.67	422.21
-3.0	484.93	2.57	44.0	23.79	0.0	0.06	5.34	422.21
-5.25	531.73	2.31	38.0	23.82	0.0	0.12	5.4	422.21
-5.9	529.45	2.3	95.0	23.81	0.0	0.03	5.45	422.21
3.12	501.13	2.3	86.0	23.71	0.0	0.15	5.28	422.21
2.16	543.43	2.31	18.0	23.78	0.0	0.05	5.3	422.21
9.58	531.73	2.31	89.0	23.85	0.0	0.1	5.4	422.16
-7.51	538.7	2.74	72.0	23.89	0.0	0.03	5.23	421.96
10.87	531.73	2.3	69.0	23.96	0.0	0.01	5.35	447.55
12.8	522.68	2.28	24.0	24.04	0.0	0.07	5.62	422.21
-4.29	543.43	2.31	56.0	23.97	0.0	0.04	5.4	397.07
11.51	527.17	2.31	10.0	24.02	0.0	0.04	5.44	422.21
-4.29	538.7	2.58	14.0	24.04	0.0	0.16	5.58	397.02
-4.93	520.45	2.3	98.0	24.0	0.0	0.14	5.51	422.21
-8.16	524.92	2.31	92.0	24.03	0.0	0.12	5.63	422.21
-3.96	520.45	2.3	95.0	24.03	0.0	0.1	5.45	422.21
-5.9	496.99	2.31	56.0	24.01	0.0	0.09	5.56	422.21
11.83	481.02	2.29	65.0	23.95	0.0	0.12	5.63	422.21
-3.32	527.17	2.3	1.0	23.98	0.0	0.08	5.52	422.21
-4.61	527.17	2.3	19.0	23.87	0.0	0.13	5.53	422.21
-4.61	534.04	2.3	65.0	23.95	0.0	0.04	5.62	422.21
6.35	494.95	2.54	89.0	24.03	0.0	0.08	5.59	447.55
-6.22	520.45	2.39	64.0	24.17	0.0	0.02	5.29	447.55
7.0	518.24	2.29	56.0	24.19	0.0	0.14	5.45	447.5
3.12	511.71	2.51	0.0	24.2	0.0	0.17	5.41	447.55
-8.16	518.24	2.3	72.0	24.12	0.0	-0.03	5.6	422.16
10.54	505.32	2.3	45.0	24.17	0.0	0.09	5.53	422.21
-6.54	520.45	2.28	55.0	24.2	0.0	0.08	5.54	472.74
-9.77	496.99	2.28	24.0	24.26	0.0	0.09	5.46	447.5
-8.16	492.92	2.28	88.0	24.26	0.0	0.13	5.41	447.5
-8.48	486.91	2.29	6.0	24.47	0.0	0.09	5.59	447.5
0.54	501.13	2.58	52.0	24.32	0.0	0.09	5.32	422.16
5.06	471.46	2.64	40.0	24.44	0.0	0.01	5.45	422.11
-8.48	505.32	2.3	68.0	24.37	0.0	0.05	5.53	447.45
-8.8	479.08	2.27	88.0	24.32	0.0	0.15	5.62	447.45
-7.51	486.91	2.6	42.0	24.29	0.0	0.06	5.44	422.21
-5.58	490.9	2.29	31.0	24.34	0.0	0.1	5.56	422.26
-6.54	503.21	2.28	62.0	24.4	0.0	0.08	5.41	422.11
-6.54	505.32	2.29	10.0	24.43	0.0	0.13	5.63	397.02
-4.29	505.32	2.28	82.0	24.31	0.0	0.05	5.52	397.02
-8.16	505.32	2.29	19.0	24.13	0.0	0.0	5.5	422.16
-8.48	465.88	2.3	49.0	24.11	0.0	0.01	5.47	397.07
-9.12	505.32	2.69	78.0	24.14	0.0	0.03	5.43	397.07
-7.19	507.43	2.3	75.0	24.21	0.0	0.08	5.47	422.16
-6.54	507.43	2.3	28.0	24.15	0.0	0.04	5.24	397.07
-5.25	467.73	2.3	48.0	24.2	0.0	0.05	5.41	397.02
-6.22	471.46	2.3	58.0	24.21	0.0	0.06	5.52	397.02
-4.61	496.99	2.3	6.0	24.12	0.0	0.13	5.6	422.16
-6.22	505.32	2.29	15.0	24.13	0.0	0.07	5.42	422.21
-7.83	465.88	2.35	94.0	24.1	0.0	0.11	5.41	397.02
4.41	509.57	2.31	19.0	24.14	0.0	0.18	5.44	397.07
-5.9	513.87	2.73	70.0	24.04	0.0	-0.07	5.43	397.07
-9.12	518.24	2.3	2.0	23.89	0.0	0.12	5.54	397.02
-3.96	513.87	2.28	8.0	23.9	0.0	0.05	5.43	422.21
9.9	513.87	2.3	5.0	23.81	0.0	0.04	5.54	422.21
-5.9	516.05	2.69	12.0	23.73	0.0	0.03	5.35	422.21
11.83	513.87	2.29	60.0	23.72	0.0	0.05	5.47	422.21
-9.77	513.87	2.65	6.0	23.77	0.0	-0.02	5.5	396.97
12.16	520.45	2.46	65.0	23.71	0.0	0.01	5.49	422.21
-4.61	522.68	2.55	22.0	23.71	0.0	0.15	5.52	422.21
0.22	520.45	2.34	65.0	23.68	0.0	0.04	5.34	397.02
6.35	509.57	2.3	30.0	23.77	0.0	0.09	5.38	422.21
-7.83	522.68	2.3	52.0	23.77	0.0	0.17	5.5	422.21
-2.03	529.45	2.67	10.0	23.8	0.0	0.1	5.39	397.02
3.77	527.17	2.3	61.0	23.78	0.0	0.11	5.73	396.77
1.51	490.9	2.44	40.0	23.73	0.0	0.09	5.63	396.62
9.58	541.06	2.3	75.0	23.71	0.0	0.02	5.47	396.72
-4.61	531.73	2.29	8.0	23.64	0.0	0.12	5.39	421.81
4.41	527.17	2.57	81.0	23.69	0.0	0.05	5.5	421.86
-4.93	527.17	2.3	49.0	23.78	0.0	0.06	5.65	422.21
-7.19	524.92	2.64	40.0	23.8	0.0	0.04	5.44	396.77
-4.29	516.05	2.3	72.0	23.69	0.0	0.04	5.63	422.21
12.8	507.43	2.3	10.0	23.76	0.0	0.04	5.42	421.91
-5.9	524.92	2.74	64.0	23.84	0.0	0.04	5.63	422.21
-8.48	511.71	2.28	18.0	23.77	0.0	0.09	5.6	396.97
12.16	524.92	2.3	45.0	23.7	0.0	0.11	5.57	422.21
-6.87	522.68	2.29	32.0	23.73	0.0	0.09	5.34	421.91
1.83	516.05	2.29	28.0	23.79	0.0	0.09	5.45	421.76
-4.93	513.87	2.28	10.0	23.72	0.0	0.07	5.32	421.86
14.74	522.68	2.69	15.0	23.73	0.0	0.08	5.26	421.81
-3.96	529.45	2.67	45.0	23.77	0.0	0.14	5.5	422.01
-4.61	527.17	2.32	6.0	23.77	0.0	0.02	5.52	396.67
-7.51	503.21	2.69	95.0	23.7	0.0	0.05	5.58	422.06
-3.64	513.87	2.71	56.0	23.71	0.0	0.04	5.3	422.11
-8.16	529.45	2.3	31.0	23.75	0.0	0.19	5.6	422.21
-6.54	522.68	2.29	94.0	23.76	0.0	0.11	5.26	422.01
-8.8	520.45	2.29	89.0	23.76	0.0	0.04	5.47	422.11
-2.67	509.57	2.43	22.0	23.7	0.0	0.05	5.54	422.21
-3.32	496.99	2.28	28.0	23.78	0.0	0.07	5.61	421.96
-4.29	492.92	2.3	40.0	23.75	0.0	0.13	5.54	421.86
5.38	509.57	2.34	32.0	23.75	0.0	0.16	5.6	421.91
1.83	511.71	2.35	89.0	23.79	0.0	0.04	5.55	421.96
-5.25	481.02	2.29	56.0	23.8	0.0	0.01	5.5	422.01
-4.93	520.45	2.29	12.0	23.79	0.0	0.08	5.36	396.82
11.83	522.68	2.3	92.0	23.77	0.0	0.09	5.4	396.97
-4.93	536.36	2.28	14.0	23.8	0.0	0.06	5.29	422.11
-8.16	524.92	2.28	8.0	23.79	0.0	0.13	5.43	396.82
-7.51	536.36	2.29	25.0	23.81	0.0	0.15	5.33	396.82
-7.83	536.36	2.29	74.0	23.79	0.0	0.12	5.64	396.92
-3.64	484.93	2.34	0.0	23.81	0.0	0.14	5.57	397.12
13.77	503.21	2.3	61.0	23.81	0.0	0.09	5.56	396.97
-5.25	492.92	2.6	76.0	23.76	0.0	0.16	5.49	422.21
-6.87	536.36	2.38	32.0	23.75	0.0	0.13	5.67	396.72
-5.9	516.05	2.29	88.0	23.62	0.0	0.04	5.39	396.72
-7.19	534.04	2.3	72.0	23.75	0.0	0.12	5.24	396.57
-6.54	541.06	2.29	80.0	23.67	0.0	0.05	5.53	396.57
-6.54	538.7	2.28	28.0	23.64	0.0	0.06	5.5	421.91
-4.29	543.43	2.3	99.0	23.55	0.0	0.13	5.57	396.57
-1.06	538.7	2.28	14.0	23.51	0.0	0.12	5.42	396.52
-9.77	531.73	2.3	85.0	23.44	0.0	0.15	5.5	396.52
13.12	553.11	2.28	55.0	23.38	0.0	0.09	5.48	396.47
14.09	560.56	2.5	25.0	23.27	0.0	0.12	5.57	396.47
-6.87	545.83	2.3	81.0	23.3	0.0	0.14	5.39	396.47
-3.96	548.24	2.47	26.0	23.29	0.0	0.04	5.41	396.57
-4.93	548.24	2.3	64.0	23.37	0.0	0.09	5.5	396.57
-3.96	545.83	2.3	8.0	23.37	0.0	0.07	5.47	396.47
5.7	553.11	2.3	5.0	23.37	0.0	0.06	5.36	396.47
-9.45	545.83	2.29	69.0	23.2	0.0	0.11	5.61	396.52
12.48	548.24	2.29	92.0	23.2	0.0	0.09	5.53	421.71
13.77	484.93	2.3	14.0	23.21	0.0	0.05	5.58	396.52
-7.51	555.58	2.74	80.0	23.18	0.0	0.05	5.65	396.52
-3.0	536.36	2.29	64.0	23.14	0.0	0.12	5.36	421.71
-5.9	568.19	2.29	72.0	23.17	0.0	0.06	5.5	421.71
11.19	560.56	2.3	6.0	23.23	0.0	0.12	5.39	396.52
-9.45	545.83	2.37	81.0	23.26	0.0	0.05	5.45	396.52
-3.64	553.11	2.29	31.0	23.19	0.0	0.15	5.49	396.52
-8.48	550.67	2.29	98.0	23.25	0.0	0.06	5.45	396.52
-3.0	543.43	2.27	35.0	23.27	0.0	0.1	5.56	421.71
14.74	534.04	2.29	31.0	23.45	0.0	0.11	5.58	447.25
-3.96	520.45	2.29	20.0	23.84	0.0	0.11	5.47	447.4
8.29	507.43	2.29	65.0	23.98	0.0	0.1	5.5	447.55
-4.93	475.25	2.37	98.0	24.14	0.0	0.11	5.43	397.02
-6.22	496.99	2.26	89.0	24.18	0.0	0.01	5.59	447.5
-9.45	499.05	2.29	28.0	24.22	0.0	0.13	5.61	422.21
6.35	494.95	2.37	70.0	24.04	0.0	0.17	5.7	422.21
-7.83	486.91	2.42	85.0	24.04	0.0	0.03	5.7	422.21
-8.16	465.88	2.6	52.0	23.96	0.0	0.16	5.54	422.06
-6.22	494.95	2.3	20.0	23.9	0.0	0.14	5.66	422.21
-4.61	490.9	2.67	38.0	23.89	0.0	-0.01	5.55	422.21
1.83	469.59	2.28	50.0	23.79	0.0	0.07	5.56	422.01
-4.93	484.93	2.3	32.0	23.72	0.0	0.14	5.7	422.21
-6.22	467.73	2.3	89.0	23.71	0.0	-0.01	5.5	422.01
-7.51	460.4	2.47	15.0	23.64	0.0	0.04	5.68	421.86
-9.12	482.97	2.29	89.0	23.69	0.0	0.11	5.61	421.91
-10.09	486.91	2.69	74.0	23.6	0.0	0.09	5.67	421.86
1.51	482.97	2.29	49.0	23.61	0.0	0.15	5.88	421.91
-9.45	486.91	2.66	39.0	23.53	0.0	0.09	5.75	421.91
-8.16	475.25	2.29	42.0	23.59	0.0	0.13	5.76	422.11
-5.58	464.04	2.29	30.0	23.52	0.0	0.04	5.52	396.57
4.09	484.93	2.29	56.0	23.51	0.0	0.15	5.6	421.76
-8.48	473.35	2.51	98.0	23.47	0.0	0.07	5.78	421.81
-6.87	453.26	2.29	75.0	23.46	0.0	0.07	5.6	421.76
-7.83	465.88	2.29	56.0	23.47	0.0	0.04	5.69	421.81
1.19	442.88	2.29	6.0	23.52	0.0	0.15	5.81	421.71
9.25	429.64	2.28	1.0	23.57	0.0	0.08	5.65	422.01
-8.48	482.97	2.3	15.0	23.52	0.0	0.09	5.63	422.06
-8.16	469.59	2.28	69.0	23.63	0.0	0.05	5.5	421.91
-7.51	473.35	2.28	62.0	23.62	0.0	0.09	5.69	421.86
-5.9	481.02	2.29	28.0	23.62	0.0	0.05	5.56	421.86
-9.77	473.35	2.29	70.0	23.53	0.0	0.13	5.65	421.86
-3.32	473.35	2.29	6.0	23.56	0.0	0.12	6.2	447.2
-5.58	437.84	2.29	38.0	23.54	0.0	0.17	6.02	447.15
-6.87	409.45	2.28	25.0	23.59	0.0	0.03	6.17	447.1
-9.77	400.63	2.27	92.0	23.64	0.0	0.1	6.35	472.39
-7.19	375.94	2.39	31.0	23.59	0.0	0.08	6.29	472.34
-7.19	365.73	2.26	0.0	23.61	0.0	-0.03	6.25	472.54
-5.9	399.2	2.39	5.0	23.64	0.0	0.11	6.3	472.34
-6.87	394.93	2.27	11.0	23.65	0.0	-0.01	6.3	497.68
-5.58	394.93	2.26	35.0	23.65	0.0	0.16	6.3	497.83
-6.22	407.96	2.54	62.0	23.65	0.0	0.12	5.81	472.49
8.61	428.03	2.28	42.0	23.61	0.0	0.0	6.03	472.39
-8.48	439.51	2.69	98.0	23.64	0.0	0.07	5.97	447.25
-6.54	431.26	2.68	50.0	23.62	0.0	0.01	5.93	472.39
-6.22	399.2	2.28	26.0	23.71	0.0	0.15	5.9	472.34
-0.74	420.12	2.27	78.0	23.64	0.0	0.09	6.32	497.88
-8.48	406.47	2.67	51.0	23.7	0.0	0.08	6.03	472.79
7.0	418.57	2.26	60.0	23.7	0.0	0.07	5.88	497.93
8.29	441.19	2.27	90.0	23.69	0.0	0.08	5.97	472.54
-4.93	456.81	2.28	50.0	23.73	0.0	0.08	5.86	472.79
-7.19	456.81	2.27	40.0	23.76	0.0	0.13	5.85	472.74
-9.77	437.84	2.28	82.0	23.76	0.0	0.1	5.95	472.79
-8.48	453.26	2.72	85.0	23.81	0.0	0.09	5.86	472.79
-6.22	446.3	2.66	52.0	23.75	0.0	0.08	5.91	472.79
-9.77	442.88	2.28	24.0	23.7	0.0	0.15	6.03	472.49
-3.96	444.59	2.73	80.0	23.75	0.0	0.18	5.75	447.25
-6.22	437.84	2.27	52.0	23.79	0.0	0.22	5.66	447.3
-5.25	436.18	2.68	14.0	23.8	0.0	0.07	5.67	447.3
-6.22	458.6	2.29	78.0	23.85	0.0	0.12	6.03	447.3
-7.83	444.59	2.29	85.0	23.85	0.0	0.07	5.73	447.5
-5.9	453.26	2.29	89.0	23.81	0.0	0.05	5.73	447.35
-7.19	448.02	2.29	48.0	23.85	0.0	0.19	5.65	447.55
-4.61	462.21	2.29	45.0	23.79	0.0	0.14	5.82	447.3
1.83	460.4	2.4	81.0	23.73	0.0	0.05	5.65	421.91
-4.29	482.97	2.28	98.0	23.76	0.0	0.13	5.65	421.86
14.74	481.02	2.28	69.0	23.62	0.0	0.03	5.55	421.86
-3.96	499.05	2.31	58.0	23.7	0.0	-0.02	5.69	421.91
-9.45	518.24	2.31	49.0	23.73	0.0	0.13	5.27	396.87
-10.09	531.73	2.3	69.0	23.61	0.0	0.06	5.42	396.82
-9.12	520.45	2.46	0.0	23.54	0.0	0.01	5.4	396.62
-8.48	501.13	2.29	94.0	23.45	0.0	0.07	5.4	396.52
-8.8	560.56	2.31	89.0	23.47	0.0	0.08	5.39	396.52
-9.12	527.17	2.29	31.0	23.44	0.0	0.08	5.45	396.52
-1.7	522.68	2.31	39.0	23.38	0.0	0.04	5.35	396.47
-13.0	560.56	2.74	62.0	23.37	0.0	0.07	5.35	396.47
-14.61	558.06	2.31	14.0	23.36	0.0	0.06	5.45	396.52
-12.35	570.77	2.6	58.0	23.36	0.0	0.2	5.32	396.52
-9.45	550.67	2.3	62.0	23.23	0.0	0.02	5.32	396.52
-19.77	538.7	2.31	80.0	23.26	0.0	0.11	5.42	371.38
-19.77	565.63	2.29	72.0	23.18	0.0	0.04	5.41	371.33
-17.83	558.06	2.55	24.0	23.2	0.0	0.05	5.54	371.33
-9.77	563.08	2.54	90.0	23.2	0.0	0.1	5.44	396.47
5.38	563.08	2.32	80.0	23.21	0.0	0.09	5.36	396.52
-13.96	563.08	2.55	1.0	23.19	0.0	0.1	5.33	396.72
-12.03	565.63	2.32	89.0	23.25	0.0	0.08	5.33	396.52
-16.54	581.29	2.3	52.0	23.28	0.0	0.12	5.36	371.43
-1.7	529.45	2.3	81.0	23.32	0.0	0.08	5.34	396.62
-12.35	524.92	2.29	2.0	23.28	0.0	0.09	5.35	396.62
-6.87	558.06	2.31	78.0	23.26	0.0	0.03	5.25	396.82
-14.29	531.73	2.31	92.0	23.25	0.0	0.04	5.45	396.57
-11.06	558.06	2.31	88.0	23.23	0.0	0.04	5.3	371.38
8.29	570.77	2.32	76.0	23.25	0.0	0.15	5.3	396.47
-1.38	545.83	2.59	18.0	23.26	0.0	0.14	5.19	396.52
-14.29	555.58	2.3	8.0	23.32	0.0	0.0	5.15	396.52
-14.93	560.56	2.37	18.0	23.25	0.0	0.06	5.33	396.57
1.83	560.56	2.3	39.0	23.28	0.0	0.09	5.3	396.97
12.48	548.24	2.32	88.0	23.28	0.0	0.13	5.19	396.52
3.12	565.63	2.31	24.0	23.2	0.0	0.1	5.24	396.72
-14.61	558.06	2.31	32.0	23.2	0.0	0.12	5.21	396.57
-15.58	518.24	2.29	88.0	23.18	0.0	0.13	5.24	396.47
-14.29	541.06	2.32	35.0	23.29	0.0	0.1	5.25	396.52
-13.96	518.24	2.3	25.0	23.5	0.0	0.06	5.19	396.82
-17.51	522.68	2.3	44.0	23.46	0.0	0.04	5.26	371.83
-14.93	573.37	2.45	25.0	23.34	0.0	0.1	5.17	371.73
-20.74	568.19	2.32	28.0	23.37	0.0	0.08	5.33	396.97
-17.83	558.06	2.47	74.0	23.45	0.0	0.11	5.33	371.88
-18.8	520.45	2.3	39.0	23.52	0.0	0.0	5.23	371.78
-20.74	560.56	2.32	44.0	23.46	0.0	0.12	5.28	396.87
-0.41	570.77	2.31	78.0	23.54	0.0	0.08	5.27	396.82
-21.06	550.67	2.32	88.0	23.5	0.0	0.13	5.18	396.72
-20.09	560.56	2.3	40.0	23.52	0.0	0.09	5.32	396.82
-0.09	545.83	2.37	12.0	23.62	0.0	0.09	5.23	396.97
-20.09	550.67	2.31	44.0	23.69	0.0	0.07	5.36	396.72
-20.41	541.06	2.3	35.0	23.65	0.0	0.09	5.05	396.72
-21.38	548.24	2.31	80.0	23.68	0.0	0.19	5.32	396.82
-19.45	541.06	2.29	28.0	23.63	0.0	0.05	5.33	396.77
-16.87	503.21	2.29	31.0	23.78	0.0	0.01	5.35	422.21
-22.67	534.04	2.65	55.0	23.93	0.0	0.14	5.2	397.07
-24.93	527.17	2.31	60.0	23.94	0.0	0.02	5.3	397.02
-4.93	536.36	2.32	76.0	23.87	0.0	0.1	5.17	396.97
-17.51	529.45	2.31	99.0	23.77	0.0	0.12	5.17	396.92
-19.77	545.83	2.31	69.0	23.79	0.0	0.05	5.36	397.02
-20.09	555.58	2.5	76.0	23.75	0.0	0.1	5.4	396.97
-21.06	501.13	2.31	48.0	23.72	0.0	0.08	5.56	396.82
-22.03	548.24	2.31	10.0	23.72	0.0	0.07	5.3	397.02
-11.7	536.36	2.31	36.0	23.67	0.0	0.09	5.36	396.67
-22.67	568.19	2.32	48.0	23.59	0.0	0.11	5.27	396.62
-1.06	558.06	2.3	18.0	23.54	0.0	0.1	5.38	396.87
-26.54	565.63	2.31	32.0	23.52	0.0	0.11	5.34	396.82
-25.58	570.77	2.29	24.0	23.5	0.0	0.12	5.19	396.97
-26.87	573.37	2.76	58.0	23.54	0.0	0.05	5.33	396.97
-23.0	543.43	2.7	36.0	23.47	0.0	0.06	5.26	397.02
-20.74	578.63	2.31	65.0	23.46	0.0	0.03	5.19	396.97
-16.22	575.99	2.76	2.0	23.47	0.0	0.04	5.52	396.67
-3.64	589.4	2.31	24.0	23.47	0.0	0.03	5.41	396.52
-24.93	536.36	2.31	68.0	23.51	0.0	0.13	5.3	396.77
-24.93	581.29	2.48	62.0	23.48	0.0	0.02	5.37	396.62
-28.48	570.77	2.31	44.0	23.48	0.0	0.09	5.47	396.72
-27.19	534.04	2.29	50.0	23.46	0.0	0.13	5.32	396.62
-9.12	594.92	2.76	42.0	23.37	0.0	0.08	5.23	396.82
-2.03	589.4	2.32	30.0	23.32	0.0	-0.09	5.38	396.97
-8.8	600.52	2.29	55.0	23.37	0.0	0.12	5.26	396.77
-27.51	581.29	2.29	60.0	23.31	0.0	0.12	5.45	396.57
-24.93	594.92	2.66	90.0	23.31	0.0	0.08	5.52	396.77
-25.58	586.68	2.31	72.0	23.32	0.0	0.1	5.42	396.57
-6.54	570.77	2.31	8.0	23.3	0.0	0.16	5.33	396.72
-25.25	536.36	2.39	94.0	23.35	0.0	0.05	5.28	396.72
-25.25	553.11	2.53	44.0	23.35	0.0	0.03	5.39	396.57
-24.29	583.97	2.29	95.0	23.36	0.0	0.01	5.36	396.62
-16.54	558.06	2.72	30.0	23.29	0.0	0.01	5.24	396.47
-23.64	575.99	2.32	51.0	23.3	0.0	0.01	5.5	396.62
-24.29	565.63	2.33	12.0	23.39	0.0	0.03	5.52	396.72
-18.8	563.08	2.31	61.0	23.54	0.0	0.07	5.54	396.82
-20.74	555.58	2.47	38.0	23.54	0.0	0.1	5.5	397.07
-23.32	558.06	2.31	45.0	23.65	0.0	0.05	5.49	397.02
-21.7	545.83	2.32	69.0	23.68	0.0	0.14	5.5	397.07
-26.54	534.04	2.41	81.0	23.67	0.0	0.1	5.32	422.21
-23.0	503.21	2.58	22.0	23.69	0.0	0.09	5.32	422.21
-23.0	543.43	2.31	90.0	23.65	0.0	0.02	5.41	422.21
-23.64	548.24	2.32	38.0	23.63	0.0	0.04	5.27	422.21
-21.38	529.45	2.32	19.0	23.64	0.0	0.23	5.41	422.16
-21.38	555.58	2.31	51.0	23.62	0.0	0.06	5.36	422.21
-21.06	527.17	2.75	1.0	23.71	0.0	0.1	5.41	397.02
-24.93	553.11	2.3	6.0	23.84	0.0	0.08	5.28	447.5
-19.45	534.04	2.39	75.0	23.86	0.0	0.12	5.28	472.79
-20.41	548.24	2.32	36.0	23.79	0.0	0.09	5.28	422.21
-16.54	548.24	2.31	72.0	23.86	0.0	0.07	5.43	422.21
-8.16	536.36	2.32	40.0	23.87	0.0	0.03	5.31	422.26
-10.41	534.04	2.3	60.0	23.94	0.0	0.01	5.23	422.21
-18.48	543.43	2.29	6.0	24.01	0.0	0.14	5.41	447.5
-18.16	509.57	2.29	65.0	24.05	0.0	0.0	5.3	447.45
-18.8	529.45	2.32	40.0	24.12	0.0	0.02	5.26	422.16
-18.48	503.21	2.31	60.0	24.17	0.0	0.06	5.24	422.16
-21.38	522.68	2.32	98.0	24.17	0.0	0.09	5.41	422.16
-11.7	531.73	2.3	25.0	24.12	0.0	0.05	5.39	447.5
-2.03	511.71	2.29	64.0	24.3	0.0	0.04	5.28	472.74
-18.8	524.92	2.29	82.0	24.23	0.0	0.0	5.38	422.11
-22.03	531.73	2.37	56.0	24.28	0.0	0.08	5.55	447.5
-23.64	529.45	2.31	12.0	24.29	0.0	0.14	5.43	422.16
-4.93	509.57	2.56	52.0	24.29	0.0	0.08	5.35	422.11
-23.96	518.24	2.32	58.0	24.35	0.0	0.12	5.41	422.21
-24.61	518.24	2.32	74.0	24.34	0.0	0.03	5.27	472.74
-19.45	507.43	2.31	2.0	24.31	0.0	0.05	5.28	422.21
-10.09	490.9	2.32	51.0	24.34	0.0	0.11	5.35	422.11
-2.35	503.21	2.31	65.0	24.32	0.0	-0.05	5.26	422.11
-2.03	509.57	2.75	5.0	24.28	0.0	0.05	5.37	422.16
-19.12	516.05	2.32	22.0	24.31	0.0	0.03	5.34	422.11
-23.0	507.43	2.32	2.0	24.39	0.0	0.11	5.34	422.01
-25.9	511.71	2.29	75.0	24.3	0.0	0.03	5.32	422.11
-21.38	520.45	2.31	49.0	24.29	0.0	0.12	5.41	397.02
-20.09	520.45	2.33	48.0	24.21	0.0	0.04	5.22	422.21
-23.96	518.24	2.31	61.0	24.21	0.0	0.1	5.35	397.07
-21.06	473.35	2.31	88.0	24.23	0.0	0.08	5.39	422.16
-20.41	509.57	2.31	82.0	24.11	0.0	-0.03	5.55	422.21
-20.09	511.71	2.32	88.0	24.12	0.0	0.09	5.48	422.21
-19.12	499.05	2.32	19.0	24.17	0.0	0.04	5.3	422.21
-17.19	486.91	2.3	31.0	24.2	0.0	0.05	5.47	422.21
-11.38	520.45	2.56	56.0	24.18	0.0	0.09	5.41	396.97
-21.38	516.05	2.32	69.0	24.34	0.0	0.03	5.29	396.92
-23.0	477.16	2.32	25.0	24.13	0.0	0.0	5.3	422.21
-20.41	482.97	2.3	72.0	24.12	0.0	0.05	5.36	397.07
-25.58	520.45	2.33	86.0	24.02	0.0	0.13	5.4	397.02
3.45	522.68	2.32	25.0	23.89	0.0	0.08	5.49	421.91
-20.09	522.68	2.47	50.0	23.92	0.0	0.06	5.38	396.62
-22.67	529.45	2.76	5.0	23.88	0.0	0.07	5.36	396.92
1.19	538.7	2.31	85.0	23.82	0.0	0.09	5.43	396.57
-18.8	527.17	2.31	10.0	23.86	0.0	0.09	5.63	396.67
-21.06	507.43	2.32	64.0	23.85	0.0	0.09	5.42	396.82
-19.12	518.24	2.31	82.0	23.84	0.0	0.04	5.39	396.97
-17.19	524.92	2.31	2.0	23.81	0.0	0.1	5.48	421.86
-19.45	541.06	2.31	30.0	23.78	0.0	0.12	5.58	396.62
-17.83	529.45	2.29	51.0	23.79	0.0	0.02	5.48	396.77
-10.09	516.05	2.3	81.0	23.76	0.0	0.0	5.41	421.96
-24.93	541.06	2.29	50.0	23.75	0.0	0.12	5.35	396.77
-25.25	538.7	2.31	68.0	23.76	0.0	0.1	5.41	396.72
-23.32	545.83	2.3	52.0	23.75	0.0	0.07	5.53	421.86
-25.25	534.04	2.32	44.0	23.75	0.0	0.04	5.62	396.72
-5.9	536.36	2.29	61.0	23.69	0.0	0.08	5.4	396.72
-24.61	536.36	2.31	80.0	23.76	0.0	0.04	5.36	396.62
-12.03	531.73	2.75	36.0	23.78	0.0	0.11	5.04	396.92
-18.8	529.45	2.7	12.0	23.72	0.0	0.1	5.2	396.67
-21.38	548.24	2.59	0.0	23.78	0.0	0.06	5.32	396.72
-10.74	522.68	2.31	22.0	23.84	0.0	0.11	5.17	397.02
-19.77	527.17	2.29	28.0	23.75	0.0	0.03	5.3	396.77
-17.83	527.17	2.3	0.0	23.8	0.0	0.15	5.3	396.82
-20.41	534.04	2.3	94.0	23.85	0.0	0.1	5.18	396.72
-20.09	541.06	2.3	80.0	23.79	0.0	0.05	5.34	396.72
-3.32	543.43	2.29	51.0	23.77	0.0	0.08	5.31	396.82
-21.38	553.11	2.31	60.0	23.71	0.0	0.11	5.35	421.81
-19.77	522.68	2.31	18.0	23.73	0.0	0.07	5.44	396.72
-14.61	553.11	2.31	35.0	23.75	0.0	0.14	5.32	396.87
-18.48	553.11	2.7	82.0	23.7	0.0	0.09	5.39	396.82
-23.96	563.08	2.31	56.0	23.73	0.0	0.13	5.1	422.01
-0.41	560.56	2.31	11.0	23.67	0.0	0.04	5.4	396.62
-20.41	558.06	2.31	58.0	23.69	0.0	0.07	5.24	396.77
-20.74	522.68	2.32	69.0	23.78	0.0	0.19	5.23	421.81
-14.61	558.06	2.29	48.0	23.71	0.0	0.07	5.28	396.67
-18.48	545.83	2.3	81.0	23.77	0.0	0.12	5.32	396.92
-14.61	545.83	2.3	74.0	23.73	0.0	0.02	5.15	422.21
-5.25	548.24	2.31	94.0	23.76	0.0	0.12	5.21	396.72
-19.12	520.45	2.34	86.0	23.8	0.0	0.03	5.2	396.92
-19.45	531.73	2.44	81.0	23.79	0.0	0.09	5.34	422.01
-14.93	534.04	2.63	39.0	23.79	0.0	0.07	5.24	396.97
-13.96	505.32	2.3	61.0	23.87	0.0	0.1	5.33	422.21
-17.51	507.43	2.3	8.0	23.86	0.0	0.06	5.32	422.21
-17.51	509.57	2.75	90.0	23.8	0.0	0.06	5.27	422.21
-16.22	516.05	2.54	75.0	23.85	0.0	0.05	5.32	422.21
1.19	538.7	2.29	38.0	23.62	0.0	0.16	5.45	396.87
-13.96	531.73	2.31	61.0	23.8	0.0	0.1	5.11	422.16
-9.77	522.68	2.31	19.0	23.95	0.0	0.04	5.24	422.21
-16.87	507.43	2.31	52.0	23.95	0.0	0.09	5.32	422.16
-14.29	507.43	2.3	81.0	24.04	0.0	0.07	5.34	422.21
-15.9	507.43	2.66	52.0	24.12	0.0	0.09	5.45	422.21
-4.93	503.21	2.31	11.0	24.07	0.0	0.14	5.37	422.21
-12.67	503.21	2.29	15.0	23.96	0.0	0.12	5.31	422.21
-12.03	529.45	2.44	31.0	24.01	0.0	0.07	5.27	422.21
-2.67	529.45	2.57	11.0	24.07	0.0	0.08	5.39	422.16
-0.09	529.45	2.31	30.0	24.06	0.0	0.07	5.19	422.21
-10.41	534.04	2.3	30.0	24.18	0.0	0.04	5.29	447.5
-13.64	501.13	2.31	5.0	24.12	0.0	0.16	5.3	447.45
-9.45	543.43	2.29	86.0	24.12	0.0	0.12	5.27	447.45
-7.51	507.43	2.3	98.0	24.17	0.0	0.14	5.19	447.45
10.22	536.36	2.3	22.0	24.11	0.0	0.07	5.26	447.5
8.61	543.43	2.31	28.0	24.13	0.0	0.04	5.23	447.5
-10.41	543.43	2.3	69.0	24.14	0.0	0.13	5.28	472.74
-13.64	538.7	2.31	20.0	24.19	0.0	0.09	5.17	447.5
-9.45	522.68	2.31	48.0	24.29	0.0	0.05	5.3	447.45
1.19	531.73	2.31	80.0	24.22	0.0	0.09	5.21	422.21
-7.19	524.92	2.32	45.0	24.23	0.0	0.03	5.2	422.21
-11.38	531.73	2.3	55.0	24.27	0.0	0.12	5.3	422.21
-13.96	541.06	2.31	30.0	24.26	0.0	0.05	5.38	422.21
6.67	536.36	2.32	65.0	24.22	0.0	0.06	5.18	422.21
-6.22	538.7	2.33	25.0	24.28	0.0	0.06	5.34	422.21
-2.35	534.04	2.31	48.0	24.19	0.0	0.08	5.16	422.21
-12.67	531.73	2.49	72.0	24.1	0.0	0.03	5.21	422.21
8.61	545.83	2.33	85.0	24.03	0.0	0.05	5.24	447.5
2.16	545.83	2.32	8.0	23.97	0.0	0.07	5.27	447.5
-10.41	548.24	2.31	81.0	23.96	0.0	0.11	5.27	447.45
5.06	541.06	2.32	22.0	23.87	0.0	0.12	5.46	447.5
-9.45	543.43	2.54	68.0	23.98	0.0	0.03	5.31	422.21
-8.48	499.05	2.58	82.0	24.03	0.0	0.05	5.22	422.21
-10.09	503.21	2.32	44.0	24.04	0.0	0.04	5.3	422.21
9.25	543.43	2.31	98.0	24.07	0.0	0.07	5.37	422.21
-8.16	538.7	2.33	19.0	24.06	0.0	-0.01	5.26	447.5
-6.87	534.04	2.71	94.0	23.97	0.0	0.17	5.32	447.55
-10.09	534.04	2.33	10.0	24.01	0.0	0.03	5.41	422.21
2.16	527.17	2.32	99.0	24.09	0.0	0.11	5.26	422.21
-8.48	529.45	2.31	82.0	24.01	0.0	0.14	5.35	422.11
1.19	516.05	2.48	2.0	24.06	0.0	0.03	5.54	422.16
-11.7	484.93	2.3	31.0	24.04	0.0	0.11	5.4	447.5
-9.77	484.93	2.32	95.0	24.05	0.0	0.08	5.45	422.21
-6.22	505.32	2.76	50.0	24.13	0.0	0.13	5.33	422.16
-7.19	507.43	2.3	15.0	24.17	0.0	0.09	5.49	422.21
-11.06	507.43	2.32	69.0	24.13	0.0	0.17	5.26	422.21
-8.8	503.21	2.3	11.0	24.2	0.0	0.18	5.26	422.21
0.22	516.05	2.31	31.0	24.15	0.0	0.07	5.34	422.21
-9.12	531.73	2.31	25.0	23.95	0.0	0.06	5.41	422.21
2.16	522.68	2.76	88.0	23.87	0.0	0.09	5.49	422.21
-6.54	496.99	2.3	1.0	23.84	0.0	0.06	5.28	421.91
-10.09	541.06	2.32	50.0	24.03	0.0	0.03	5.21	422.21
-10.74	538.7	2.54	58.0	24.1	0.0	0.23	5.43	422.21
-11.06	529.45	2.32	78.0	24.05	0.0	0.1	5.45	422.21
-11.06	518.24	2.6	26.0	24.02	0.0	0.06	5.31	422.21
-8.16	501.13	2.3	45.0	24.02	0.0	0.1	5.15	397.07
-4.93	543.43	2.74	56.0	24.02	0.0	0.04	5.3	422.21
11.83	536.36	2.32	36.0	23.98	0.0	0.1	5.54	422.21
-9.12	534.04	2.3	44.0	24.0	0.0	0.14	5.23	422.21
12.8	534.04	2.31	74.0	23.93	0.0	0.06	5.22	422.16
-10.09	518.24	2.3	65.0	23.86	0.0	0.06	5.32	422.21
-4.93	555.58	2.31	10.0	23.72	0.0	0.09	5.21	396.97
-4.93	507.43	2.3	69.0	23.79	0.0	0.03	5.34	422.21
8.29	527.17	2.62	75.0	23.8	0.0	0.1	5.29	396.77
-9.45	543.43	2.31	8.0	23.75	0.0	0.19	5.26	422.01
-11.38	553.11	2.32	35.0	23.79	0.0	0.09	5.3	422.21
-10.09	505.32	2.31	98.0	23.71	0.0	0.08	5.47	422.21
-9.77	538.7	2.31	72.0	23.76	0.0	0.08	5.2	422.01
-4.29	548.24	2.31	40.0	23.68	0.0	0.17	5.28	421.86
-7.83	550.67	2.31	35.0	23.71	0.0	0.16	5.46	421.96
-8.8	536.36	2.34	98.0	23.81	0.0	0.04	5.26	421.91
-7.51	513.87	2.64	81.0	23.8	0.0	0.1	5.43	422.06
-8.16	553.11	2.32	44.0	23.78	0.0	0.08	5.33	422.16
-8.8	541.06	2.32	6.0	23.81	0.0	0.15	5.23	422.01
-10.09	548.24	2.32	58.0	23.7	0.0	0.04	5.23	422.01
-8.48	531.73	2.32	90.0	23.72	0.0	0.13	5.2	396.67
-1.06	545.83	2.31	31.0	23.7	0.0	0.09	5.22	421.96
12.8	527.17	2.31	22.0	23.7	0.0	0.1	5.36	422.01
-7.51	568.19	2.31	98.0	23.7	0.0	0.11	5.38	421.91
-11.06	558.06	2.32	12.0	23.78	0.0	0.09	5.25	421.91
5.06	536.36	2.31	48.0	23.8	0.0	0.09	5.57	396.97
-1.06	560.56	2.31	82.0	23.8	0.0	0.03	5.34	396.77
-7.51	538.7	2.3	98.0	23.8	0.0	0.14	5.3	396.97
-10.74	563.08	2.76	62.0	23.75	0.0	0.06	5.23	422.16
-6.54	560.56	2.3	68.0	23.79	0.0	0.12	5.48	422.21
-9.77	531.73	2.31	78.0	23.8	0.0	0.12	5.35	397.02
-4.29	538.7	2.76	60.0	23.78	0.0	0.04	5.17	396.97
-5.58	553.11	2.31	1.0	23.84	0.0	0.11	5.36	396.97
-8.8	550.67	2.31	30.0	23.82	0.0	0.1	5.28	422.21
-7.51	550.67	2.31	40.0	23.8	0.0	0.15	5.32	396.97
-8.8	545.83	2.31	19.0	23.76	0.0	0.04	5.45	422.21
-9.45	531.73	2.31	38.0	23.76	0.0	0.09	5.42	422.21
-10.74	522.68	2.3	14.0	23.79	0.0	0.12	5.46	422.21
10.87	518.24	2.35	50.0	23.79	0.0	0.15	5.57	422.21
-7.83	520.45	2.44	65.0	23.8	0.0	0.15	5.52	422.16
-2.03	479.08	2.3	2.0	23.61	0.0	0.13	5.44	422.16
-7.51	513.87	2.29	94.0	23.6	0.0	0.07	5.35	422.21
-9.45	490.9	2.3	45.0	23.68	0.0	0.13	5.45	422.21
-8.48	471.46	2.3	61.0	23.7	0.0	0.13	5.5	422.21
-8.48	509.57	2.36	18.0	23.82	0.0	0.24	5.36	422.21
9.25	516.05	2.3	22.0	23.8	0.0	0.1	5.35	447.5
0.87	513.87	2.74	99.0	23.7	0.0	0.09	5.5	422.21
-9.77	520.45	2.3	42.0	23.81	0.0	0.14	5.45	447.5
-10.41	499.05	2.31	75.0	23.8	0.0	0.09	5.49	422.16
-6.87	511.71	2.3	2.0	23.78	0.0	0.14	5.49	447.45
-9.12	534.04	2.45	98.0	23.8	0.0	0.08	5.53	422.16
-8.48	541.06	2.29	10.0	23.87	0.0	0.13	5.29	447.5
6.03	499.05	2.3	92.0	24.0	0.0	0.15	5.45	447.5
-10.74	481.02	2.29	44.0	23.98	0.0	0.09	5.26	422.16
-7.19	477.16	2.3	60.0	23.96	0.0	0.08	5.42	447.5
-4.93	531.73	2.63	81.0	23.94	0.0	0.06	5.49	447.5
-7.51	536.36	2.31	61.0	24.03	0.0	0.14	5.34	447.45
-6.22	543.43	2.31	81.0	23.95	0.0	0.12	5.42	422.16
-8.16	545.83	2.65	38.0	23.95	0.0	0.05	5.12	422.16
-7.19	541.06	2.31	64.0	24.0	0.0	0.08	5.4	447.5
-10.09	516.05	2.34	70.0	23.98	0.0	0.09	5.34	422.11
-9.45	541.06	2.61	36.0	24.0	0.0	0.06	5.33	422.16
-11.38	543.43	2.49	75.0	24.15	0.0	0.05	5.41	472.74
-5.9	543.43	2.3	89.0	24.26	0.0	0.05	5.46	472.54
-12.35	529.45	2.31	62.0	24.32	0.0	0.09	5.36	422.16
-6.87	520.45	2.58	12.0	24.3	0.0	0.03	5.39	422.06
9.9	499.05	2.55	95.0	24.38	0.0	0.03	5.43	422.21
-9.45	524.92	2.31	51.0	24.32	0.0	0.11	5.32	422.16
-11.06	536.36	2.31	88.0	24.21	0.0	0.04	5.48	447.5
-0.74	538.7	2.75	94.0	24.12	0.0	0.12	5.45	447.5
-6.87	543.43	2.3	60.0	24.12	0.0	0.12	5.46	447.5
-8.8	536.36	2.31	28.0	24.05	0.0	0.14	5.33	447.45
1.19	518.24	2.74	75.0	24.0	0.0	-0.01	5.39	447.5
-9.12	555.58	2.46	55.0	24.0	0.0	0.17	5.65	498.08
-8.48	513.87	2.3	98.0	24.12	0.0	0.1	5.49	498.13
-11.06	538.7	2.31	94.0	24.04	0.0	0.08	5.45	447.5
-8.16	531.73	2.3	48.0	24.02	0.0	0.11	5.27	447.55
-7.51	529.45	2.32	94.0	24.04	0.0	0.11	5.27	422.21
-8.16	529.45	2.52	69.0	24.13	0.0	0.12	5.14	472.74
-13.0	516.05	2.29	15.0	24.32	0.0	0.06	5.44	497.98
-11.06	516.05	2.38	38.0	24.4	0.0	0.02	5.21	422.11
-1.7	505.32	2.32	5.0	24.37	0.0	0.07	5.26	422.11
-5.9	456.81	2.32	94.0	24.48	0.0	-0.04	5.27	447.4
-9.12	488.9	2.5	48.0	24.59	0.0	0.02	5.26	447.35
-9.77	488.9	2.58	49.0	24.63	0.0	0.14	5.23	422.26
-12.67	460.4	2.32	15.0	24.73	0.0	0.01	5.25	447.4
-7.19	451.5	2.69	99.0	24.76	0.0	0.09	5.36	422.21
3.45	477.16	2.31	95.0	24.7	0.0	0.12	5.21	421.96
12.16	484.93	2.33	85.0	24.62	0.0	0.08	5.24	396.87
-7.19	473.35	2.32	10.0	24.54	0.0	0.13	5.33	422.11
-7.51	462.21	2.75	6.0	24.37	0.0	0.1	5.37	422.16
-7.83	507.43	2.32	62.0	24.38	0.0	0.11	5.26	422.21
-10.41	507.43	2.32	14.0	24.35	0.0	0.09	5.44	422.16
-12.35	486.91	2.67	39.0	24.32	0.0	0.09	5.1	422.16
-6.22	511.71	2.75	98.0	24.36	0.0	0.11	5.25	422.16
-10.41	484.93	2.76	1.0	24.25	0.0	0.14	5.19	422.21
-11.06	511.71	2.64	90.0	24.22	0.0	0.14	5.07	422.21
-10.74	516.05	2.36	22.0	24.19	0.0	0.13	5.35	422.21
-10.41	520.45	2.32	85.0	24.2	0.0	0.03	5.29	422.21
-8.48	509.57	2.31	95.0	24.2	0.0	0.08	5.28	422.21
3.77	529.45	2.44	39.0	24.18	0.0	0.06	5.28	422.16
-7.51	524.92	2.31	75.0	24.06	0.0	0.05	5.31	422.21
3.45	516.05	2.32	10.0	24.03	0.0	0.1	5.35	422.21
-8.48	541.06	2.32	49.0	23.89	0.0	0.05	5.21	421.86
-10.74	541.06	2.31	44.0	23.88	0.0	0.13	5.41	421.96
-9.77	536.36	2.72	76.0	23.95	0.0	0.11	5.36	422.21
-0.41	531.73	2.32	15.0	23.87	0.0	0.09	5.37	422.06
-9.12	538.7	2.32	90.0	23.93	0.0	0.22	5.33	422.21
-8.8	541.06	2.32	0.0	23.93	0.0	0.15	5.34	396.97
-5.9	548.24	2.32	36.0	23.88	0.0	0.11	5.28	396.97
-10.74	545.83	2.53	8.0	23.87	0.0	0.1	5.22	422.16
-7.19	545.83	2.32	80.0	23.87	0.0	0.14	5.31	422.06
-10.74	555.58	2.76	78.0	23.87	0.0	0.09	5.33	422.21
12.16	550.67	2.32	10.0	23.9	0.0	0.15	5.24	422.21
-8.16	560.56	2.32	55.0	23.95	0.0	0.06	5.16	422.21
10.54	543.43	2.5	55.0	23.95	0.0	0.13	5.43	422.06
-8.16	555.58	2.48	32.0	24.02	0.0	0.12	5.19	422.21
8.29	563.08	2.37	40.0	23.93	0.0	0.09	5.07	422.21
-7.51	558.06	2.75	74.0	23.84	0.0	0.08	5.32	421.96
-2.67	565.63	2.32	78.0	23.87	0.0	0.16	5.12	422.21
-4.61	524.92	2.31	62.0	23.77	0.0	0.17	5.26	422.21
-7.51	531.73	2.31	14.0	23.84	0.0	0.16	5.21	422.21
-4.93	570.77	2.53	81.0	23.86	0.0	0.09	5.29	422.16
-5.58	563.08	2.68	2.0	23.86	0.0	0.16	5.23	422.21
-8.48	536.36	2.31	32.0	23.8	0.0	0.1	5.34	422.21
-10.74	575.99	2.3	88.0	23.76	0.0	0.23	5.28	422.21
14.41	568.19	2.29	14.0	23.8	0.0	0.11	5.42	422.21
-4.93	527.17	2.29	12.0	23.73	0.0	0.19	5.37	422.16
-7.83	565.63	2.3	52.0	23.78	0.0	0.05	5.33	422.21
-11.06	558.06	2.44	18.0	23.7	0.0	0.13	5.47	422.16
-6.87	548.24	2.39	22.0	23.75	0.0	0.11	5.5	422.01
-7.19	534.04	2.74	69.0	23.71	0.0	0.14	5.47	421.91
-9.45	531.73	2.31	55.0	23.8	0.0	0.08	5.54	447.5
-9.45	513.87	2.42	70.0	23.79	0.0	0.05	5.54	447.5
-6.22	505.32	2.3	15.0	23.81	0.0	0.09	5.33	447.5
10.87	518.24	2.33	44.0	23.68	0.0	0.11	5.53	447.5
-12.03	499.05	2.28	5.0	23.68	0.0	0.0	5.55	447.4
11.83	439.51	2.31	24.0	23.78	0.0	0.06	5.7	498.08
-11.7	464.04	2.68	69.0	23.82	0.0	0.03	5.78	447.35
2.8	429.64	2.3	64.0	23.87	0.0	0.09	5.5	447.5
7.32	420.12	2.28	92.0	23.84	0.0	0.12	5.52	447.45
5.06	451.5	2.28	85.0	23.93	0.0	0.01	5.45	447.5
7.64	424.84	2.34	80.0	23.92	0.0	0.07	5.42	422.21
8.29	423.26	2.38	94.0	23.97	0.0	0.08	5.36	422.16
17.32	471.46	2.36	48.0	23.96	0.0	0.02	5.43	447.5
9.58	426.43	2.3	48.0	24.01	0.0	0.1	5.34	447.45
10.54	456.81	2.7	39.0	24.12	0.0	0.14	5.29	472.74
12.48	453.26	2.35	39.0	24.09	0.0	0.1	5.36	422.11
10.54	453.26	2.32	94.0	24.12	0.0	0.11	5.42	447.5
10.87	460.4	2.29	1.0	24.03	0.0	0.15	5.08	422.21
7.96	490.9	2.3	50.0	24.1	0.0	0.09	5.16	447.4
7.0	464.04	2.31	94.0	24.04	0.0	0.16	5.37	422.21
15.38	503.21	2.31	90.0	24.03	0.0	0.13	5.21	447.5
8.61	473.35	2.38	2.0	24.0	0.0	0.06	5.5	447.45
8.29	475.25	2.32	44.0	23.92	0.0	0.17	5.36	422.21
11.19	505.32	2.64	11.0	23.77	0.0	0.08	5.54	447.55
8.29	444.59	2.35	10.0	23.71	0.0	0.13	5.3	447.5
14.74	486.91	2.39	94.0	23.71	0.0	0.09	5.32	422.21
21.51	511.71	2.3	36.0	23.75	0.0	0.01	5.14	422.21
26.35	471.46	2.67	60.0	23.68	0.0	0.11	5.43	472.79
21.51	505.32	2.29	74.0	23.55	0.0	0.07	5.29	447.2
21.51	439.51	2.28	40.0	23.56	0.0	0.13	5.56	447.4
20.54	475.25	2.29	72.0	23.7	0.0	0.16	5.32	472.44
30.22	507.43	2.73	69.0	23.81	0.0	0.12	5.28	447.2
22.48	473.35	2.71	72.0	23.85	0.0	0.03	5.39	447.25
34.74	486.91	2.28	94.0	23.8	0.0	0.21	5.45	447.5
35.06	505.32	2.29	62.0	23.73	0.0	0.1	5.34	447.5
23.77	471.46	2.3	62.0	23.7	0.0	0.14	5.46	447.35
24.74	451.5	2.29	51.0	23.71	0.0	0.12	5.36	422.01
22.8	486.91	2.35	28.0	23.78	0.0	0.04	5.58	447.35
25.7	469.59	2.3	81.0	23.8	0.0	0.15	5.37	447.3
21.83	458.6	2.3	88.0	23.8	0.0	0.09	5.46	422.21
22.16	507.43	2.65	56.0	23.71	0.0	0.02	5.4	422.11
23.12	469.59	2.29	38.0	23.7	0.0	0.09	5.43	422.06
26.35	488.9	2.36	85.0	23.62	0.0	0.09	5.45	422.01
23.12	496.99	2.3	35.0	23.73	0.0	-0.01	5.42	422.21
22.8	462.21	2.41	0.0	23.79	0.0	0.1	5.38	422.16
34.09	484.93	2.3	69.0	23.78	0.0	0.13	5.49	422.21
25.06	437.84	2.3	18.0	23.7	0.0	0.11	5.56	422.21
27.0	436.18	2.3	5.0	23.72	0.0	0.06	5.48	447.5
20.87	453.26	2.54	78.0	23.79	0.0	0.09	5.58	447.5
32.8	428.03	2.31	44.0	23.81	0.0	0.13	5.41	422.21
24.09	451.5	2.31	0.0	23.69	0.0	0.04	5.53	422.16
30.54	441.19	2.74	98.0	23.65	0.0	0.03	5.43	422.01
23.77	439.51	2.45	18.0	23.6	0.0	0.07	5.52	422.06
23.77	475.25	2.29	19.0	23.5	0.0	0.14	5.67	421.96
22.8	405.0	2.5	39.0	23.5	0.0	0.14	5.5	422.11
22.8	409.45	2.29	8.0	23.62	0.0	0.07	5.56	422.16
35.38	462.21	2.46	2.0	23.68	0.0	0.06	5.64	422.21
33.45	428.03	2.31	99.0	23.7	0.0	0.11	5.38	422.21
22.48	471.46	2.3	40.0	23.67	0.0	0.05	5.56	422.21
22.16	432.89	2.3	35.0	23.6	0.0	0.13	5.55	422.21
22.8	467.73	2.49	60.0	23.42	0.0	0.02	5.45	421.96
22.8	486.91	2.3	10.0	23.32	0.0	0.03	5.56	421.86
35.7	428.03	2.41	1.0	23.35	0.0	0.05	5.69	447.2
23.12	418.57	2.29	60.0	23.31	0.0	0.01	5.79	447.15
28.93	441.19	2.29	99.0	23.29	0.0	0.06	5.91	447.1
32.8	386.61	2.29	35.0	23.35	0.0	0.13	5.96	447.15
26.67	365.73	2.29	69.0	23.37	0.0	0.17	6.03	447.05
34.09	410.94	2.26	38.0	23.35	0.0	0.09	6.01	472.39
33.12	377.25	2.29	75.0	23.45	0.0	0.12	6.26	472.39
25.06	379.89	2.29	31.0	23.51	0.0	0.15	6.15	472.74
22.8	403.54	2.29	98.0	23.57	0.0	0.06	6.04	472.54
34.41	372.06	2.27	92.0	23.61	0.0	0.16	6.09	472.79
24.41	358.36	2.27	30.0	23.7	0.0	0.08	5.99	472.79
23.12	406.47	2.27	24.0	23.62	0.0	0.13	5.97	472.79
33.45	343.15	2.27	30.0	23.62	0.0	0.1	5.92	472.79
30.22	400.63	2.29	78.0	23.71	0.0	0.16	6.02	472.79
25.38	379.89	2.29	95.0	23.7	0.0	0.18	5.88	472.79
34.41	397.77	2.71	5.0	23.59	0.0	0.18	6.03	472.54
24.41	329.99	2.66	61.0	23.5	0.0	0.03	6.45	523.27
35.38	354.76	2.28	92.0	23.52	0.0	0.12	6.4	523.12
25.7	392.12	2.26	95.0	23.52	0.0	0.09	6.13	497.88
21.19	381.22	2.28	62.0	23.48	0.0	0.1	6.13	497.78
22.16	417.03	2.28	70.0	23.52	0.0	0.07	6.21	497.83
23.77	370.78	2.27	68.0	23.54	0.0	0.07	6.0	472.54
23.45	421.69	2.27	70.0	23.51	0.0	0.16	5.8	497.68
22.16	378.56	2.28	98.0	23.51	0.0	0.04	5.85	497.73
25.7	405.0	2.28	15.0	23.51	0.0	0.12	5.84	472.54
24.09	424.84	2.29	52.0	23.54	0.0	0.12	5.58	472.34
23.12	426.43	2.29	76.0	23.55	0.0	0.14	5.36	472.49
21.19	449.76	2.29	2.0	23.55	0.0	0.11	5.52	472.34
22.8	421.69	2.45	19.0	23.54	0.0	0.06	5.63	472.34
33.45	464.04	2.27	85.0	23.59	0.0	0.11	5.48	472.34
31.51	428.03	2.27	35.0	23.64	0.0	0.04	5.54	472.44
24.09	462.21	2.29	31.0	23.64	0.0	0.11	5.62	472.34
23.12	399.2	2.29	88.0	23.65	0.0	0.12	5.43	472.54
21.51	441.19	2.29	10.0	23.69	0.0	0.06	5.82	472.49
30.87	413.97	2.3	40.0	23.64	0.0	0.09	5.63	472.34
21.19	412.45	2.29	61.0	23.69	0.0	0.07	5.56	447.2
25.7	464.04	2.3	10.0	23.65	0.0	0.12	5.61	447.1
24.09	421.69	2.3	69.0	23.62	0.0	0.01	5.8	447.45
23.77	471.46	2.39	60.0	23.62	0.0	0.03	5.72	447.5
23.12	477.16	2.64	36.0	23.64	0.0	0.04	5.51	422.06
34.74	484.93	2.31	49.0	23.71	0.0	0.15	5.5	422.21
21.83	494.95	2.32	48.0	23.78	0.0	0.15	5.6	422.21
20.87	484.93	2.39	78.0	23.79	0.0	0.03	5.4	422.21
20.87	501.13	2.32	75.0	23.79	0.0	0.14	5.35	422.01
32.8	496.99	2.32	89.0	23.8	0.0	0.14	5.32	397.02
23.77	505.32	2.32	50.0	23.7	0.0	0.07	5.29	422.21
22.8	531.73	2.47	25.0	23.73	0.0	0.1	5.23	421.96
35.38	529.45	2.31	85.0	23.85	0.0	0.17	5.42	422.21
23.77	538.7	2.59	20.0	23.76	0.0	0.13	5.28	397.02
23.77	503.21	2.32	68.0	23.78	0.0	0.09	5.19	422.11
25.06	545.83	2.31	75.0	23.77	0.0	0.07	5.26	397.07
22.16	568.19	2.32	24.0	23.76	0.0	0.1	5.26	396.97
23.77	560.56	2.31	44.0	23.72	0.0	0.04	5.47	396.92
23.12	560.56	2.6	98.0	23.65	0.0	0.09	5.34	421.91
24.74	558.06	2.49	22.0	23.67	0.0	0.17	5.15	396.97
24.74	565.63	2.72	69.0	23.69	0.0	0.07	5.31	396.97
23.12	558.06	2.3	65.0	23.54	0.0	0.11	5.48	396.77
22.8	524.92	2.75	65.0	23.52	0.0	0.02	5.34	396.87
24.09	531.73	2.32	62.0	23.4	0.0	0.1	5.22	396.72
27.64	545.83	2.31	88.0	23.39	0.0	0.07	5.49	421.76
24.09	543.43	2.32	98.0	23.4	0.0	0.08	5.35	421.86
23.12	573.37	2.31	80.0	23.48	0.0	0.07	5.22	422.21
22.8	586.68	2.75	49.0	23.52	0.0	0.06	5.12	421.86
23.12	578.63	2.32	88.0	23.54	0.0	0.06	5.35	421.86
24.09	575.99	2.32	90.0	23.6	0.0	0.11	5.28	396.92
23.12	578.63	2.31	80.0	23.62	0.0	0.11	5.39	422.16
22.16	568.19	2.76	82.0	23.61	0.0	0.14	5.19	422.01
28.29	581.29	2.3	86.0	23.62	0.0	0.11	5.28	422.11
20.87	568.19	2.29	22.0	23.69	0.0	0.13	5.24	421.91
20.87	565.63	2.31	76.0	23.67	0.0	0.06	5.22	421.96
23.12	522.68	2.3	62.0	23.68	0.0	0.03	5.37	422.21
22.8	563.08	2.31	94.0	23.62	0.0	0.1	5.36	421.96
22.48	578.63	2.31	90.0	23.61	0.0	0.16	5.45	397.02
22.16	558.06	2.32	49.0	23.69	0.0	0.06	5.26	447.1
31.19	573.37	2.3	49.0	23.57	0.0	0.08	5.3	422.01
22.8	536.36	2.72	90.0	23.6	0.0	0.1	5.34	422.01
21.19	568.19	2.31	36.0	23.71	0.0	0.04	5.24	447.4
34.09	527.17	2.31	48.0	23.71	0.0	0.07	5.47	422.21
22.16	553.11	2.31	68.0	23.7	0.0	0.05	5.43	422.21
20.87	529.45	2.31	58.0	23.65	0.0	0.1	5.44	396.72
22.8	543.43	2.32	61.0	23.6	0.0	0.08	5.36	396.97
25.38	555.58	2.32	58.0	23.56	0.0	0.06	5.44	396.92
35.38	555.58	2.3	65.0	23.54	0.0	0.01	5.47	396.72
24.74	548.24	2.34	11.0	23.51	0.0	0.01	5.41	396.87
21.19	465.88	2.31	65.0	23.5	0.0	0.13	5.32	396.77
22.16	516.05	2.31	55.0	23.47	0.0	0.06	5.45	396.97
23.12	527.17	2.7	2.0	23.42	0.0	0.14	5.5	396.97
23.12	558.06	2.31	50.0	23.43	0.0	0.11	5.44	396.97
26.67	550.67	2.32	98.0	23.42	0.0	0.08	5.41	396.97
22.8	543.43	2.56	70.0	23.38	0.0	0.07	5.3	396.67
27.64	550.67	2.31	30.0	23.37	0.0	0.09	5.4	396.72
31.83	553.11	2.31	31.0	23.4	0.0	0.13	5.38	396.77
34.41	553.11	2.74	10.0	23.39	0.0	0.13	5.37	396.97
22.16	555.58	2.3	2.0	23.39	0.0	0.12	5.51	396.62
35.7	568.19	2.62	28.0	23.4	0.0	0.08	5.5	396.77
22.48	573.37	2.3	56.0	23.37	0.0	0.13	5.48	396.77
22.8	536.36	2.31	49.0	23.35	0.0	0.13	5.39	396.57
22.8	570.77	2.5	68.0	23.38	0.0	0.0	5.4	396.72
24.41	527.17	2.31	45.0	23.36	0.0	0.12	5.34	396.67
24.74	553.11	2.34	36.0	23.34	0.0	0.05	5.45	396.57
21.83	575.99	2.3	94.0	23.35	0.0	0.08	5.25	396.72
25.38	581.29	2.3	1.0	23.3	0.0	0.05	5.39	396.67
23.45	560.56	2.31	95.0	23.29	0.0	0.19	5.23	396.62
24.41	583.97	2.32	92.0	23.29	0.0	0.06	5.34	396.72
24.41	583.97	2.32	40.0	23.29	0.0	0.1	5.46	396.52
22.16	575.99	2.62	56.0	23.29	0.0	-0.03	5.38	396.52
22.16	573.37	2.69	89.0	23.3	0.0	0.06	5.22	396.57
23.77	541.06	2.32	8.0	23.32	0.0	0.12	5.21	396.52
22.8	573.37	2.68	65.0	23.25	0.0	0.09	5.3	396.47
22.8	555.58	2.3	31.0	23.19	0.0	0.03	5.39	396.57
23.45	570.77	2.32	38.0	23.2	0.0	0.03	5.46	396.52
24.74	589.4	2.3	42.0	23.14	0.0	0.15	5.25	396.52
22.16	603.36	2.31	38.0	23.14	0.0	0.1	5.42	396.57
25.06	592.15	2.31	52.0	23.12	0.0	0.15	5.41	396.47
29.9	603.36	2.59	94.0	23.17	0.0	0.09	5.37	396.47
35.38	603.36	2.31	2.0	23.15	0.0	0.16	5.4	396.57
34.41	600.52	2.31	0.0	23.14	0.0	0.14	5.36	396.52
21.83	570.77	2.31	38.0	23.1	0.0	0.09	5.48	396.52
21.83	570.77	2.31	74.0	23.06	0.0	0.1	5.43	396.47
24.41	620.87	2.31	80.0	23.09	0.0	0.17	5.41	396.47
26.03	578.63	2.32	65.0	23.06	0.0	0.1	5.43	396.47
21.83	614.94	2.32	32.0	23.07	0.0	0.05	5.17	396.52
33.45	623.88	2.45	28.0	23.06	0.0	0.09	5.4	396.47
25.38	626.9	2.3	90.0	23.09	0.0	0.06	5.45	396.42
36.03	623.88	2.31	28.0	23.04	0.0	0.04	5.45	396.47
24.74	617.89	2.67	15.0	23.03	0.0	0.16	5.27	396.47
27.64	626.9	2.41	26.0	23.04	0.0	0.15	5.32	396.52
33.77	617.89	2.63	15.0	23.05	0.0	0.0	5.43	396.52
33.45	568.19	2.32	60.0	23.07	0.0	0.02	5.31	396.52
32.48	603.36	2.78	68.0	23.12	0.0	0.07	5.53	396.47
23.77	600.52	2.3	56.0	23.12	0.0	0.11	5.5	396.47
25.38	581.29	2.75	1.0	23.05	0.0	0.1	5.54	396.47
32.16	589.4	2.31	24.0	23.05	0.0	0.07	5.47	396.47
24.74	565.63	2.32	92.0	23.06	0.0	0.12	5.48	396.47
36.03	589.4	2.34	52.0	23.04	0.0	0.12	5.25	396.47
23.45	609.1	2.3	25.0	23.02	0.0	0.13	5.42	396.47
27.96	612.01	2.32	5.0	23.01	0.0	0.18	5.4	396.52
26.35	606.22	2.32	88.0	23.01	0.0	0.02	5.41	396.52
31.83	614.94	2.64	60.0	22.98	0.0	0.07	5.32	396.52
22.16	609.1	2.65	11.0	22.94	0.0	0.11	5.32	396.47
27.0	594.92	2.58	69.0	22.94	0.0	0.06	5.47	396.47
27.64	620.87	2.32	30.0	22.88	0.0	0.08	5.33	396.47
22.8	612.01	2.31	44.0	22.86	0.0	0.1	5.51	396.42
25.7	617.89	2.47	50.0	22.84	0.0	0.08	5.47	396.42
25.7	614.94	2.58	19.0	22.85	0.0	0.1	5.35	396.47
25.38	617.89	2.49	44.0	22.86	0.0	0.05	5.29	396.47
25.06	623.88	2.77	45.0	22.92	0.0	0.02	5.55	396.57
34.74	614.94	2.49	48.0	22.9	0.0	0.06	5.54	396.57
25.7	623.88	2.32	36.0	22.88	0.0	0.05	5.56	396.47
31.51	626.9	2.31	74.0	22.87	0.0	0.12	5.39	396.52
22.16	639.28	2.31	6.0	22.82	0.0	0.14	5.65	396.47
30.54	609.1	2.43	94.0	22.81	0.0	0.08	5.36	396.52
25.38	614.94	2.3	31.0	22.8	0.0	-0.02	5.58	396.47
23.77	642.44	2.32	28.0	22.7	0.0	0.09	5.42	396.47
24.41	626.9	2.3	49.0	22.7	0.0	0.09	5.6	396.47
25.06	620.87	2.31	69.0	22.71	0.0	0.14	5.47	396.47
23.77	620.87	2.31	2.0	22.64	0.0	0.03	5.66	396.47
35.38	614.94	2.3	68.0	22.7	0.0	0.14	5.47	396.47
22.16	612.01	2.32	78.0	22.72	0.0	0.06	5.61	396.47
32.8	623.88	2.3	48.0	22.8	0.0	0.08	5.35	396.47
23.77	623.88	2.77	78.0	22.73	0.0	0.14	5.45	396.42
29.25	609.1	2.31	32.0	22.76	0.0	0.14	5.48	396.47
28.29	583.97	2.31	98.0	22.78	0.0	0.07	5.42	396.47
21.83	570.77	2.3	26.0	22.82	0.0	0.07	5.56	396.42
26.35	600.52	2.31	69.0	22.84	0.0	0.05	5.54	396.52
23.77	600.52	2.31	94.0	22.79	0.0	0.14	5.64	396.47
21.51	558.06	2.31	60.0	22.75	0.0	0.1	5.43	396.47
23.45	583.97	2.31	15.0	22.77	0.0	0.08	5.66	396.47
26.35	555.58	2.3	28.0	22.73	0.0	0.15	5.48	396.47
21.83	617.89	2.31	60.0	22.81	0.0	0.18	5.64	396.52
22.8	609.1	2.29	31.0	22.92	0.0	0.09	5.15	421.81
27.0	603.36	2.39	31.0	22.64	0.0	0.1	5.17	421.71
24.41	623.88	2.31	50.0	22.65	0.0	0.12	5.35	396.52
29.58	612.01	2.31	65.0	22.62	0.0	0.12	5.41	421.71
23.12	597.71	2.29	5.0	22.65	0.0	0.09	5.28	421.71
23.12	589.4	2.31	22.0	22.71	0.0	0.11	5.36	421.71
22.8	568.19	2.68	85.0	22.77	0.0	0.06	5.56	421.71
23.77	594.92	2.31	89.0	22.7	0.0	0.06	5.41	421.71
35.7	583.97	2.6	42.0	22.61	0.0	0.2	5.64	396.42
34.74	581.29	2.3	85.0	22.63	0.0	0.1	5.43	396.42
33.45	592.15	2.31	64.0	22.72	0.0	0.09	5.42	396.52
24.41	578.63	2.3	98.0	22.75	0.0	0.12	5.47	396.52
21.51	575.99	2.31	69.0	22.78	0.0	0.13	5.48	396.52
24.09	565.63	2.31	62.0	22.77	0.0	0.1	5.41	396.47
28.93	531.73	2.29	2.0	22.77	0.0	0.08	5.31	396.47
22.16	565.63	2.32	99.0	22.79	0.0	0.12	5.46	396.47
22.8	518.24	2.55	15.0	22.78	0.0	0.17	5.4	396.52
23.77	560.56	2.31	68.0	22.79	0.0	0.12	5.44	396.47
33.12	575.99	2.49	42.0	22.71	0.0	0.14	5.4	396.47
30.87	589.4	2.42	94.0	22.62	0.0	0.16	5.48	396.42
23.45	592.15	2.31	24.0	22.6	0.0	0.11	5.5	396.42
36.35	594.92	2.68	70.0	22.57	0.0	0.15	5.53	396.52
22.8	589.4	2.31	20.0	22.56	0.0	0.08	5.58	396.52
24.74	617.89	2.31	40.0	22.59	0.0	0.12	5.42	396.42
34.74	603.36	2.3	40.0	22.56	0.0	0.08	5.55	396.47
33.45	600.52	2.52	10.0	22.57	0.0	0.06	5.65	396.47
21.83	594.92	2.7	40.0	22.59	0.0	0.04	5.46	396.47
25.06	578.63	2.3	12.0	22.62	0.0	0.09	5.53	396.47
25.38	583.97	2.31	76.0	22.62	0.0	0.16	5.54	396.47
29.9	586.68	2.31	6.0	22.62	0.0	0.07	5.58	396.42
21.83	597.71	2.31	22.0	22.61	0.0	0.11	5.53	396.42
21.83	565.63	2.31	61.0	22.57	0.0	0.09	5.35	396.47
22.16	581.29	2.29	62.0	22.62	0.0	0.22	5.34	396.52
23.77	612.01	2.29	0.0	22.61	0.0	0.13	5.5	396.42
30.22	617.89	2.3	52.0	22.59	0.0	0.17	5.45	396.42
31.51	612.01	2.31	58.0	22.54	0.0	0.04	5.43	396.47
34.09	581.29	2.61	5.0	22.61	0.0	0.03	5.35	396.47
23.77	592.15	2.3	52.0	22.62	0.0	0.21	5.19	396.47
24.74	592.15	2.77	64.0	22.65	0.0	0.08	5.46	396.52
29.25	606.22	2.55	2.0	22.65	0.0	0.1	5.31	396.42
22.8	629.96	2.36	31.0	22.63	0.0	0.13	5.38	396.42
32.8	623.88	2.43	94.0	22.62	0.0	0.11	5.52	396.42
28.93	639.28	2.3	95.0	22.62	0.0	0.15	5.41	396.47
24.41	606.22	2.3	80.0	22.62	0.0	0.17	5.41	396.42
27.32	629.96	2.3	15.0	22.62	0.0	0.07	5.34	396.52
22.8	626.9	2.3	69.0	22.63	0.0	0.1	5.45	396.47
36.35	626.9	2.31	15.0	22.62	0.0	0.09	5.45	396.47
27.32	575.99	2.31	82.0	22.59	0.0	0.0	5.3	396.47
35.7	633.04	2.31	72.0	22.62	0.0	0.15	5.38	396.42
22.8	633.04	2.31	12.0	22.62	0.0	0.1	5.55	396.42
22.16	629.96	2.32	55.0	22.6	0.0	0.07	5.3	396.47
23.77	636.15	2.32	94.0	22.6	0.0	0.06	5.33	396.47
21.83	606.22	2.32	58.0	22.62	0.0	0.08	5.23	396.42
36.03	614.94	2.31	31.0	22.6	0.0	0.16	5.42	396.47
23.77	603.36	2.55	52.0	22.62	0.0	0.17	5.52	396.47
28.61	633.04	2.32	40.0	22.61	0.0	0.07	5.26	396.47
30.54	629.96	2.35	36.0	22.62	0.0	0.0	5.43	396.47
22.16	626.9	2.31	42.0	22.59	0.0	0.09	5.28	396.47
23.77	629.96	2.69	40.0	22.6	0.0	0.1	5.41	396.47
23.77	581.29	2.53	86.0	22.6	0.0	0.09	5.41	396.42
23.45	612.01	2.32	85.0	22.62	0.0	0.06	5.37	396.47
25.7	620.87	2.3	35.0	22.62	0.0	0.18	5.5	396.42
36.35	612.01	2.44	90.0	22.62	0.0	0.07	5.55	396.42
25.06	583.97	2.31	88.0	22.59	0.0	0.04	5.46	396.47
22.8	626.9	2.32	81.0	22.59	0.0	0.11	5.44	396.42
21.83	614.94	2.31	94.0	22.5	0.0	0.11	5.32	396.47
24.09	570.77	2.31	89.0	22.52	0.0	0.19	5.46	396.42
26.35	589.4	2.3	10.0	22.42	0.0	0.06	5.38	396.42
26.35	655.35	2.31	50.0	22.38	0.0	0.08	5.38	396.42
23.12	623.88	2.31	90.0	22.37	0.0	0.14	5.62	396.42
29.58	597.71	2.3	58.0	22.38	0.0	0.07	5.51	396.42
23.12	655.35	2.47	26.0	22.3	0.0	0.16	5.58	396.42
28.29	661.98	2.62	0.0	22.32	0.0	0.09	5.5	396.47
23.45	655.35	2.31	14.0	22.31	0.0	0.16	5.34	371.68
25.06	661.98	2.31	19.0	22.28	0.0	0.13	5.2	396.42
25.06	658.65	2.32	56.0	22.15	0.0	0.04	5.39	396.42
25.38	658.65	2.31	6.0	22.17	0.0	0.1	5.24	396.42
27.32	661.98	2.31	88.0	22.14	0.0	0.14	5.47	396.42
22.8	603.36	2.31	6.0	22.12	0.0	0.16	5.46	371.68
35.38	603.36	2.31	15.0	22.37	0.0	0.03	5.6	396.42
33.45	626.9	2.31	38.0	22.52	0.0	0.12	5.34	396.42
24.74	645.63	2.77	2.0	22.52	0.0	0.06	5.36	396.47
22.8	645.63	2.32	80.0	22.57	0.0	0.19	5.39	396.47
27.0	642.44	2.64	72.0	22.63	0.0	0.19	5.43	396.47
22.16	633.04	2.31	69.0	22.61	0.0	0.04	5.56	396.42
23.77	639.28	2.77	38.0	22.62	0.0	0.19	5.34	396.47
22.8	570.77	2.63	42.0	22.71	0.0	0.08	5.39	396.47
35.38	636.15	2.31	94.0	22.64	0.0	0.17	5.36	396.47
36.35	642.44	2.3	89.0	22.5	0.0	0.13	5.51	396.42
23.45	633.04	2.31	22.0	22.51	0.0	0.14	5.55	396.42
23.77	589.4	2.75	85.0	22.54	0.0	0.05	5.56	396.42
22.16	592.15	2.32	49.0	22.65	0.0	0.02	5.56	396.42
24.74	578.63	2.32	49.0	22.79	0.0	0.03	5.49	396.52
31.51	626.9	2.33	6.0	22.77	0.0	0.07	5.37	396.47
23.77	636.15	2.32	64.0	22.79	0.0	0.08	5.45	396.47
27.64	639.28	2.35	78.0	22.82	0.0	0.12	5.52	396.47
35.38	575.99	2.32	70.0	22.79	0.0	0.08	5.35	396.52
30.54	636.15	2.3	28.0	22.84	0.0	0.04	5.3	396.52
25.7	626.9	2.74	31.0	22.81	0.0	0.13	5.53	396.52
29.25	623.88	2.31	44.0	22.7	0.0	0.08	5.34	396.52
23.45	633.04	2.32	64.0	22.45	0.0	0.05	5.56	396.42
25.7	629.96	2.31	81.0	22.3	0.0	0.15	5.51	396.42
35.7	639.28	2.76	56.0	22.2	0.0	0.04	5.58	396.42
22.16	639.28	2.31	26.0	22.12	0.0	0.02	5.51	396.47
23.12	645.63	2.32	62.0	21.96	0.0	0.13	5.57	396.42
36.03	636.15	2.57	99.0	21.92	0.0	0.1	5.5	396.47
26.67	629.96	2.32	92.0	21.95	0.0	0.07	5.78	396.47
24.41	575.99	2.32	19.0	22.05	0.0	0.08	5.58	396.47
31.83	626.9	2.59	45.0	22.17	0.0	0.08	5.58	396.47
36.03	614.94	2.32	52.0	22.2	0.0	0.14	5.43	396.42
23.45	626.9	2.55	31.0	22.25	0.0	0.07	5.33	396.42
22.16	597.71	2.32	30.0	22.29	0.0	0.21	5.7	396.42
26.67	603.36	2.4	25.0	22.36	0.0	0.09	5.5	396.42
24.41	548.24	2.32	2.0	22.32	0.0	0.09	5.64	396.42
24.41	560.56	2.3	52.0	22.32	0.0	0.19	5.65	421.71
22.8	520.45	2.31	31.0	22.37	0.0	0.07	5.43	421.71
26.35	513.87	2.48	24.0	22.46	0.0	0.14	5.69	421.67
25.06	563.08	2.32	52.0	22.54	0.0	0.14	5.61	421.71
24.74	548.24	2.31	65.0	22.6	0.0	0.12	5.6	421.71
22.16	541.06	2.31	10.0	22.6	0.0	0.23	5.72	396.42
36.35	534.04	2.32	38.0	22.65	0.0	0.01	5.59	421.76
21.83	548.24	2.3	75.0	22.67	0.0	0.09	5.7	421.71
26.35	527.17	2.77	51.0	22.69	0.0	0.16	5.5	396.47
23.12	555.58	2.77	86.0	22.7	0.0	0.1	5.68	396.47
36.35	570.77	2.32	28.0	22.56	0.0	0.15	5.69	396.52
23.12	538.7	2.31	10.0	22.55	0.0	0.15	5.66	396.47
23.45	558.06	2.4	28.0	22.59	0.0	0.1	5.57	396.47
35.38	541.06	2.31	62.0	22.55	0.0	0.0	5.58	396.47
28.61	589.4	2.59	68.0	22.54	0.0	0.15	5.65	396.42
24.41	594.92	2.51	51.0	22.54	0.0	0.15	5.39	396.47
22.8	617.89	2.77	5.0	22.51	0.0	0.12	5.57	396.47
34.74	617.89	2.61	45.0	22.6	0.0	0.1	5.45	396.42
22.8	617.89	2.38	31.0	22.54	0.0	0.15	5.38	396.47
23.45	633.04	2.55	19.0	22.56	0.0	0.16	5.45	396.47
23.77	565.63	2.31	1.0	22.55	0.0	0.14	5.54	396.47
33.45	629.96	2.32	14.0	22.59	0.0	0.14	5.65	396.52
23.77	629.96	2.32	61.0	22.6	0.0	0.1	5.42	396.47
24.41	594.92	2.32	60.0	22.62	0.0	0.08	5.49	396.42
22.16	626.9	2.32	50.0	22.62	0.0	0.16	5.53	396.47
30.22	629.96	2.32	40.0	22.62	0.0	0.18	5.46	396.42
32.8	626.9	2.32	2.0	22.62	0.0	0.07	5.5	396.52
24.41	594.92	2.32	15.0	22.61	0.0	0.18	5.45	396.52
24.74	639.28	2.3	94.0	22.59	0.0	0.1	5.43	396.47
33.77	629.96	2.31	48.0	22.57	0.0	0.15	5.52	396.42
22.8	636.15	2.31	94.0	22.59	0.0	0.16	5.26	396.47
23.45	642.44	2.31	14.0	22.59	0.0	0.13	5.37	396.52
22.8	606.22	2.31	36.0	22.6	0.0	0.07	5.23	396.47
31.83	633.04	2.76	86.0	22.56	0.0	0.09	5.47	396.47
36.03	614.94	2.76	8.0	22.52	0.0	0.16	5.4	396.42
30.22	636.15	2.31	0.0	22.59	0.0	0.1	5.24	396.42
24.41	626.9	2.31	74.0	22.62	0.0	0.08	5.58	396.47
23.77	575.99	2.54	62.0	22.61	0.0	0.2	5.43	396.47
36.35	612.01	2.29	5.0	22.62	0.0	0.09	5.33	396.42
23.77	592.15	2.31	72.0	22.57	0.0	0.11	5.51	396.47
22.8	594.92	2.31	2.0	22.62	0.0	0.24	5.6	396.52
35.38	570.77	2.31	28.0	22.82	0.0	0.11	5.58	396.52
25.7	531.73	2.64	98.0	22.89	0.0	0.04	5.73	421.71
21.83	543.43	2.32	85.0	22.95	0.0	0.11	5.59	421.86
22.16	527.17	2.58	65.0	22.97	0.0	0.03	5.69	421.86
21.83	527.17	2.3	85.0	23.01	0.0	0.1	5.78	396.57
33.45	503.21	2.29	90.0	22.9	0.0	0.08	5.5	396.62
24.41	518.24	2.31	76.0	22.84	0.0	0.09	5.56	396.67
22.16	581.29	2.34	81.0	22.88	0.0	0.14	5.49	396.52
23.45	594.92	2.32	62.0	22.87	0.0	0.13	5.47	396.67
21.83	603.36	2.57	69.0	22.82	0.0	0.04	5.65	396.57
25.7	612.01	2.32	89.0	22.8	0.0	0.09	5.37	396.57
24.74	609.1	2.32	14.0	22.87	0.0	0.14	5.36	396.57
21.83	609.1	2.32	32.0	22.94	0.0	0.08	5.27	396.57
36.03	620.87	2.36	68.0	22.97	0.0	0.08	5.43	396.67
21.83	623.88	2.32	88.0	22.95	0.0	0.06	5.58	396.82
23.45	629.96	2.32	19.0	23.03	0.0	0.05	5.4	421.86
35.38	612.01	2.32	62.0	23.11	0.0	0.04	5.41	396.47
27.0	633.04	2.74	85.0	23.09	0.0	0.01	5.5	396.57
31.83	592.15	2.31	85.0	22.93	0.0	0.09	5.56	421.71
22.8	612.01	2.3	88.0	23.26	0.0	0.17	5.41	421.86
22.8	614.94	2.32	98.0	23.3	0.0	0.13	5.3	396.62
23.12	609.1	2.58	0.0	23.32	0.0	0.16	5.41	396.77
25.06	565.63	2.32	0.0	23.4	0.0	0.08	5.45	396.97
32.48	600.52	2.3	38.0	23.56	0.0	0.07	5.51	396.97
24.09	597.71	2.32	98.0	23.67	0.0	0.12	5.33	422.21
35.38	583.97	2.3	36.0	23.77	0.0	0.1	5.26	396.97
22.48	583.97	2.33	18.0	23.82	0.0	0.12	5.54	396.97
22.16	583.97	2.49	62.0	23.88	0.0	0.09	5.38	396.92
22.8	575.99	2.7	28.0	23.97	0.0	0.15	5.5	396.97
22.16	586.68	2.32	70.0	24.04	0.0	0.13	5.39	396.87
32.48	570.77	2.32	81.0	24.09	0.0	0.15	5.44	396.92
33.12	531.73	2.45	62.0	24.17	0.0	0.11	5.39	396.92
32.8	555.58	2.32	72.0	24.26	0.0	0.07	5.45	396.82
23.12	568.19	2.32	81.0	24.28	0.0	0.15	5.39	396.82
22.16	543.43	2.32	64.0	24.36	0.0	0.14	5.5	396.87
32.8	538.7	2.33	14.0	24.38	0.0	0.19	5.52	396.77
32.16	555.58	2.7	90.0	24.52	0.0	0.15	5.6	396.82
21.51	545.83	2.33	55.0	24.61	0.0	0.09	5.13	397.07
23.12	518.24	2.33	99.0	24.7	0.0	0.09	5.31	396.87
24.09	531.73	2.33	88.0	24.78	0.0	0.01	5.31	371.83
24.74	524.92	2.33	99.0	24.79	0.0	0.15	5.23	396.97
25.7	494.95	2.7	31.0	24.79	0.0	0.16	5.37	396.87
35.06	524.92	2.33	26.0	24.75	0.0	0.08	5.39	371.83
23.12	520.45	2.31	69.0	24.67	0.0	0.07	5.25	397.12
22.8	536.36	2.31	50.0	24.5	0.0	0.15	5.37	371.83
22.8	527.17	2.6	12.0	24.34	0.0	0.09	5.48	396.77
24.09	503.21	2.31	2.0	24.2	0.0	0.15	5.26	371.73
23.45	541.06	2.33	30.0	24.05	0.0	0.14	5.27	371.83
34.09	565.63	2.32	74.0	23.68	0.0	0.13	5.24	371.83
27.64	589.4	2.63	2.0	23.25	0.0	0.09	5.47	396.97
27.64	597.71	2.78	56.0	22.96	0.0	0.08	5.39	371.58
35.38	609.1	2.31	65.0	22.88	0.0	0.07	5.6	371.53
22.16	597.71	2.33	15.0	22.96	0.0	0.12	5.39	371.58
22.8	578.63	2.32	81.0	23.15	0.0	0.12	5.55	396.87
26.03	575.99	2.78	5.0	23.4	0.0	0.13	5.21	396.92
25.38	581.29	2.32	12.0	23.54	0.0	0.14	5.41	396.92
23.12	589.4	2.72	8.0	23.65	0.0	0.07	5.36	371.83
22.8	575.99	2.36	10.0	23.79	0.0	0.11	5.27	371.78
29.25	583.97	2.3	36.0	23.8	0.0	0.15	5.37	396.77
33.45	578.63	2.32	22.0	23.87	0.0	0.09	5.36	396.92
33.77	531.73	2.33	81.0	23.87	0.0	0.07	5.37	396.87
22.16	568.19	2.33	89.0	23.92	0.0	0.04	5.27	397.02
26.03	573.37	2.34	72.0	24.04	0.0	0.12	5.09	396.72
34.74	555.58	2.31	69.0	24.11	0.0	0.15	5.28	396.82
27.0	570.77	2.32	76.0	24.13	0.0	0.07	5.4	396.82
21.51	534.04	2.33	92.0	24.11	0.0	0.19	5.41	396.77
23.12	568.19	2.63	61.0	24.17	0.0	0.14	5.24	396.82
22.8	563.08	2.31	44.0	24.02	0.0	0.08	5.17	396.87
23.12	583.97	2.61	52.0	23.86	0.0	0.12	5.19	396.92
26.03	560.56	2.32	39.0	23.55	0.0	0.08	5.23	396.97
32.48	614.94	2.35	98.0	23.31	0.0	0.19	5.23	396.92
22.16	620.87	2.32	15.0	23.2	0.0	0.06	5.25	396.72
22.8	623.88	2.32	35.0	23.04	0.0	0.17	5.38	396.57
24.41	645.63	2.32	52.0	22.85	0.0	0.15	5.41	396.72
35.38	655.35	2.32	70.0	22.86	0.0	0.15	5.36	396.47
21.83	639.28	2.32	58.0	23.13	0.0	0.16	5.46	396.72
24.41	612.01	2.32	52.0	23.2	0.0	0.18	5.57	396.72
23.77	620.87	2.31	15.0	23.23	0.0	0.12	5.26	396.92
32.48	606.22	2.32	20.0	23.26	0.0	0.14	5.3	396.92
22.16	629.96	2.31	2.0	23.31	0.0	0.14	5.32	396.92
25.7	633.04	2.32	62.0	23.32	0.0	0.01	5.34	396.77
31.19	629.96	2.32	85.0	23.34	0.0	0.17	5.26	396.97
25.06	642.44	2.3	30.0	23.29	0.0	0.18	5.44	396.87
27.32	592.15	2.31	35.0	23.36	0.0	0.17	5.41	396.92
21.83	639.28	2.3	88.0	23.2	0.0	0.13	5.36	396.92
23.12	636.15	2.3	45.0	23.27	0.0	0.14	5.36	396.92
23.12	639.28	2.65	12.0	23.28	0.0	0.09	5.35	396.92
21.83	633.04	2.32	68.0	23.26	0.0	0.16	5.32	396.87
24.74	623.88	2.32	68.0	23.28	0.0	0.15	5.36	396.97
21.83	626.9	2.32	18.0	23.28	0.0	0.09	5.4	396.97
23.45	614.94	2.7	15.0	23.31	0.0	0.13	5.39	396.97
36.03	597.71	2.61	48.0	23.31	0.0	0.1	5.47	396.92
26.67	614.94	2.31	22.0	23.29	0.0	0.09	5.47	396.97
24.41	581.29	2.32	30.0	23.3	0.0	0.08	5.43	396.97
22.8	612.01	2.32	1.0	23.37	0.0	0.12	5.43	396.97
36.03	589.4	2.32	11.0	23.34	0.0	0.15	5.39	396.97
23.77	589.4	2.37	60.0	23.4	0.0	0.11	5.42	396.97
23.77	581.29	2.32	14.0	23.55	0.0	0.15	5.44	422.16
33.77	583.97	2.76	52.0	23.55	0.0	0.08	5.38	396.92
24.41	573.37	2.32	75.0	23.53	0.0	0.12	5.57	396.92
24.09	578.63	2.34	56.0	23.54	0.0	0.21	5.53	396.97
32.8	578.63	2.58	26.0	23.54	0.0	0.18	5.47	396.97
36.03	578.63	2.32	40.0	23.6	0.0	0.18	5.46	396.92
22.8	581.29	2.32	82.0	23.61	0.0	0.03	5.51	396.97
22.8	583.97	2.31	28.0	23.65	0.0	0.12	5.47	396.97
25.06	583.97	2.35	50.0	23.6	0.0	0.06	5.47	396.97
23.77	578.63	2.32	69.0	23.61	0.0	0.15	5.39	396.97
22.8	581.29	2.45	90.0	23.54	0.0	0.12	5.57	422.21
22.16	592.15	2.78	2.0	23.62	0.0	0.12	5.65	422.16
33.12	550.67	2.35	72.0	23.64	0.0	0.16	5.28	422.16
36.03	597.71	2.32	58.0	23.68	0.0	0.16	5.57	422.21
21.51	592.15	2.33	18.0	23.7	0.0	0.15	5.36	422.21
31.83	600.52	2.33	14.0	23.69	0.0	0.1	5.41	422.16
20.87	594.92	2.32	45.0	23.71	0.0	0.08	5.52	422.16
23.77	581.29	2.52	78.0	23.7	0.0	0.11	5.48	422.11
26.35	600.52	2.7	82.0	23.65	0.0	0.12	5.43	422.16
26.03	597.71	2.77	1.0	23.65	0.0	0.07	5.45	422.16
26.03	570.77	2.31	25.0	23.67	0.0	0.13	5.2	422.16
24.41	550.67	2.33	40.0	23.79	0.0	0.23	5.32	422.16
23.12	550.67	2.58	20.0	23.8	0.0	0.12	5.23	422.21
35.38	565.63	2.32	15.0	23.67	0.0	0.14	5.37	422.16
25.38	603.36	2.33	28.0	23.61	0.0	0.11	5.34	422.16
21.19	589.4	2.71	75.0	23.55	0.0	0.17	5.45	422.16
22.16	600.52	2.36	55.0	23.55	0.0	0.11	5.38	422.21
22.16	578.63	2.32	58.0	23.64	0.0	0.12	5.37	422.16
35.38	581.29	2.32	25.0	23.67	0.0	0.19	5.37	422.11
24.09	573.37	2.34	95.0	23.82	0.0	0.08	5.47	422.16
23.45	518.24	2.34	74.0	23.88	0.0	0.11	5.5	422.16
24.41	553.11	2.32	48.0	23.87	0.0	0.16	5.46	422.11
22.16	529.45	2.72	0.0	24.04	0.0	0.16	5.45	447.45
34.74	568.19	2.73	74.0	23.95	0.0	0.03	5.5	447.4
25.7	545.83	2.31	52.0	23.89	0.0	0.13	5.53	422.16
26.03	565.63	2.31	38.0	23.87	0.0	0.07	5.47	422.16
23.12	573.37	2.32	32.0	23.85	0.0	0.06	5.19	422.21
22.16	568.19	2.32	62.0	23.82	0.0	0.07	5.43	422.16
23.12	553.11	2.32	26.0	23.85	0.0	0.1	5.53	447.5
24.41	538.7	2.3	80.0	23.76	0.0	0.14	5.3	447.45
21.19	560.56	2.32	90.0	23.76	0.0	0.04	5.33	447.45
27.96	568.19	2.32	64.0	23.87	0.0	0.06	5.39	447.45
22.8	560.56	2.32	70.0	23.89	0.0	0.09	5.54	422.21
23.12	543.43	2.33	94.0	23.92	0.0	0.13	5.48	422.21
24.09	550.67	2.35	61.0	23.95	0.0	0.07	5.37	422.21
25.7	555.58	2.45	90.0	23.87	0.0	0.17	5.37	396.97
21.51	570.77	2.33	51.0	23.79	0.0	0.11	5.47	396.92
23.45	578.63	2.32	56.0	23.85	0.0	0.08	5.45	396.92
23.77	581.29	2.33	85.0	23.69	0.0	0.08	5.39	396.97
24.41	600.52	2.42	70.0	23.6	0.0	0.01	5.44	396.87
26.03	586.68	2.32	88.0	23.56	0.0	0.11	5.54	422.16
34.09	581.29	2.32	10.0	23.55	0.0	0.06	5.27	422.01
23.77	589.4	2.33	49.0	23.51	0.0	0.1	5.47	396.92
35.38	603.36	2.33	31.0	23.47	0.0	0.13	5.5	396.97
33.77	589.4	2.55	75.0	23.45	0.0	0.13	5.32	422.21
24.41	536.36	2.52	95.0	23.35	0.0	0.09	5.27	421.86
23.77	594.92	2.35	89.0	23.39	0.0	0.07	5.5	396.92
23.77	597.71	2.31	92.0	23.44	0.0	0.15	5.47	396.97
23.77	589.4	2.45	6.0	23.42	0.0	0.1	5.23	396.97
23.45	570.77	2.32	94.0	23.37	0.0	0.1	5.57	422.21
22.8	529.45	2.33	10.0	23.39	0.0	0.1	5.56	422.21
23.77	518.24	2.32	18.0	23.38	0.0	0.04	5.56	422.06
36.03	583.97	2.31	0.0	23.45	0.0	0.05	5.34	422.21
24.41	570.77	2.31	24.0	23.4	0.0	0.11	5.43	396.97
33.45	589.4	2.32	81.0	23.4	0.0	0.1	5.31	422.21
25.7	568.19	2.34	44.0	23.4	0.0	0.04	5.49	422.16
22.8	586.68	2.78	82.0	23.5	0.0	0.17	5.3	422.21
