5.08017802255,4.26535179441,0
3.58663144085,5.8554624833,0
2.75082122972,5.77336276683,0
4.72684162205,3.98109033782,0
4.44561744971,5.4232578961,0
5.67919241981,5.43970306479,0
3.68921482544,3.6822939578,0
4.47279779409,4.5329359454,0
3.82432704479,5.33728028074,0
4.91190198843,3.95580315839,0
5.4412308739,4.20791477637,0
4.77659331448,4.65537610347,0
3.56999954299,3.43507767208,0
4.80248673291,2.15033693239,0
4.5465670223,3.97428268802,0
5.60310030815,4.04381536258,0
4.73272685767,5.22618968519,0
3.40805352044,4.31320146372,0
4.42362717795,1.97539815914,0
6.92361708769,8.05461680994,1
3.4791623147,3.07805891959,0
5.695559626,4.82129507142,0
5.00794898191,7.42922993002,0
6.17489884113,6.72182103493,0
5.21668922547,5.56391139476,0
6.09576100436,2.05384019411,0
6.60176214094,4.07681531905,0
5.12616702584,4.27126224318,0
6.56783979166,4.61839668813,0
5.01072427269,4.67495971328,0
7.21298226533,3.60679181819,0
3.61776353033,8.25537349615,0
4.70495953888,3.31074879213,0
4.51572689812,4.8870659506,0
5.26930890838,3.39070472108,0
5.89466813283,3.76682564234,0
4.92495680793,3.73630465286,0
1.41776353033,5.4198841204,1
5.88235977565,6.37168086252,0
5.30417747372,1.92714546735,0
4.53918538192,5.67364329017,0
5.45357426217,2.82739395706,0
5.80456295214,4.43745627384,0
3.84348072129,5.05914392684,0
4.96794986607,4.8447824936,0
6.12669318961,6.56465117868,0
5.04718171529,3.75615002917,0
4.11994378037,3.3766533338,0
6.04151202939,6.67628144515,0
4.41598021835,4.66020451054,0
4.83743241802,5.18997323433,0
6.00657912782,6.6201261472,0
6.08941823745,5.21532890467,0
5.46919322081,4.53843767133,0
4.66168740092,10.2259882725,0
5.56302808866,4.03043260928,0
4.35772615377,7.83451742007,0
5.31856990783,6.98697813155,0
3.78670902048,3.58727059839,0
4.28960146288,5.32326288042,0
4.34551434573,6.3302416318,0
4.57314927216,8.56206332827,0
6.55458654917,9.17277571251,1
4.07566007979,3.82570336556,0
5.52999072724,5.50656057515,0
3.65909486567,6.38866305272,0
4.30303347723,4.5666532388,0
5.33223550356,5.05960245989,0
4.68178787411,5.50461969078,0
5.36592668735,4.30015174863,0
4.1908743782,3.31038988317,0
4.61955958185,5.60123943172,0
5.82086789905,4.87008853096,0
6.83758726084,2.32162182377,0
5.95198902389,6.007740106,0
5.52543675152,4.28138495796,0
4.85768206551,5.69496036484,0
6.19306833016,7.25800566592,0
4.83347163194,5.90762706664,0
3.75568070773,5.4214751678,0
7.5943780274,6.5428678086,0
5.45786225645,6.51437091807,0
6.94916973123,7.41341031471,0
3.1113069641,5.97276643111,0
5.56662684318,5.75687451157,0
3.56324398672,6.77689089271,0
5.96660924009,7.99288889904,0
5.72045693572,7.37043683901,0
5.41608075459,5.54712309758,0
5.21937339935,5.36398029229,0
5.04486956523,4.0937175975,0
6.15647315177,5.83744126875,0
5.0808753931,4.04761221525,0
6.5363140841,5.3597425245,0
6.10048282025,4.4924988594,0
5.52389795405,7.02340042718,0
6.07851575419,6.56272870923,0
4.95876738872,4.27094990217,0
5.08600933557,5.7748543512,0
5.42535529122,6.71844179856,0
6.94399615113,4.37446717954,0
4.87386895945,3.42378512541,0
6.82617110145,5.54272028362,0
8.29662305548,9.41229007898,1
5.93113860802,4.4890295168,0
5.36561977707,2.82142565396,0
6.14545469622,7.79021684115,0
5.35680283607,4.09092722907,0
5.18774402373,5.1193644805,0
3.70403286289,1.63245814538,1
4.33626906743,5.14854826367,0
7.45864171664,4.95595973831,0
5.15282458701,6.82123774694,0
6.65391451483,6.95369857536,0
6.41434068567,6.28193290881,0
7.00063494745,5.65479743401,0
5.35064668491,5.03371414434,0
5.15732095997,6.32437512646,0
4.09380047813,7.30029661518,0
7.51932133036,4.78261035727,0
5.38082879552,5.25124530429,0
6.49389257728,5.91831474013,0
5.77395995951,6.10198360483,0
6.27642741613,5.24274584031,0
7.24414751513,4.63345986511,0
5.81442301624,5.09710713273,0
4.78408748793,5.42476457702,0
4.81474990763,5.54810885723,0
5.16675582848,5.97855292283,0
6.60373704125,5.18406583664,0
5.78470900109,4.69655579032,0
2.8145602111,4.20541545731,0
7.12478115225,5.11155432959,0
5.42453389793,6.67094256601,0
5.04808629807,4.94043845785,0
3.68892376184,4.94456381315,0
4.96973029302,4.78366626822,0
6.14644669996,5.66933449292,0
6.20592186475,3.49721930242,0
4.98592758134,6.26529443206,0
6.26854369775,5.11006802072,0
4.44534549446,3.36438185363,0
5.70052483713,6.84850438298,0
6.16887800389,6.61576360514,0
8.40494598139,9.4793278178,1
4.67431079318,6.7227562381,0
5.86535166439,4.08024946148,0
5.5914647856,4.3979450018,0
5.57930446453,3.2339343971,0
5.20593953197,7.60963427753,0
7.06107901151,3.72985815271,0
5.07340850719,3.79002785416,0
5.95803991298,6.85974993862,0
5.26681237518,5.38351852454,0
4.00261818323,7.51322809018,0
5.08805212906,3.21882694949,0
6.43111201699,5.82837245504,0
4.19484682002,5.92921222338,0
2.75641999568,4.13061937913,1
6.45077352447,3.69209455942,0
5.02712087963,3.23913033038,0
5.1459411926,3.84979100049,0
6.6440992006,8.85201965486,0
4.72865407737,5.13993711459,0
5.94386661218,4.25757793053,0
5.00141442774,7.00115939801,0
3.23977366112,4.64564817966,0
7.03377493655,4.09209813059,0
5.52288355019,5.85551538693,0
6.22098280199,3.74436403132,0
7.00404175087,4.055476409,0
6.55428735172,6.21263151725,0
4.47250073882,4.4989210538,0
5.36080326191,6.79158516665,0
5.51827835161,7.58837516243,0
6.70451199494,7.82919256026,0
6.29229233699,5.56342341062,0
2.25041926688,5.21483119543,0
4.87056220903,6.42968425812,0
3.14798108684,2.92882329258,0
4.86105468343,6.62188815545,0
5.42813675284,4.89213653148,0
4.72778136616,6.20523823203,0
5.52014866974,6.45849957152,0
6.91763723346,5.45610472806,0
5.39701305556,7.43576891917,0
7.10062805664,8.89363508208,0
5.61155448792,4.71930638761,0
5.57375956943,3.77552778386,0
4.18647425861,6.93091909168,0
6.57101561507,3.92567561726,0
7.37684758769,5.98657185505,0
4.71271006773,3.97787913695,0
6.49260219214,4.76560239278,0
4.13185958493,5.770909155,0
6.87642859183,6.4318443232,0
5.99675303803,6.0410625464,0
6.2588364889,6.57850408256,0
7.490383773,7.08772664291,0
6.49382689542,6.45602866887,0
3.89862758767,6.64413505123,0
4.71715627076,5.46348052908,0
5.83967698625,6.45576995909,0
5.4090277615,5.22694806648,0
5.73502935355,7.27473689483,0
6.23495321571,3.3666445436,0
6.29345138604,6.37213203407,0
8.82490114898,6.80317453124,1
5.76215540773,6.15512107303,0
6.20764497972,6.0947474256,0
4.57145076899,3.11538074602,0
6.17750977715,6.17605045196,0
7.61929910301,4.59085852772,0
5.27602074452,8.44284641993,0
8.13700350953,3.8433607245,0
4.64781599629,4.59920239459,0
4.97510713106,7.9556453237,0
6.12421612589,8.64067156482,0
6.27422934206,8.36861744629,0
7.12731224786,9.29520186846,0
3.96562676456,5.71463022899,0
7.13077815713,5.64782649463,0
5.30520654224,5.04551150738,0
7.35480656358,7.72169214283,0
6.63259239084,3.71945057255,0
5.94237066938,4.73055785562,0
4.54666637251,8.27714485093,0
6.23175008399,6.92510154696,0
5.24579750267,5.98286392031,0
5.97580672618,6.28981172108,0
7.805877494,5.09250916719,0
4.02492408198,4.47817014437,0
2.98305580287,3.09842289994,1
4.16306312073,5.86950023441,0
6.22236327413,4.00935206638,0
5.69140661335,5.12935049673,0
5.06878929067,5.96905428189,0
4.36202296495,8.39917386437,0
6.45275498258,5.91958025319,0
5.87185968731,4.87288104806,0
1.73896202492,3.13038712406,1
6.31165162442,7.38238760873,0
4.01052536324,6.02175358302,0
6.71847289445,4.17549830232,0
8.79698574684,5.08952330846,0
4.86240086772,5.9458125986,0
7.25164336213,2.58930867827,0
6.42283289693,4.58428861427,0
6.91734005042,4.31636219236,0
10.0180607285,5.16152554611,0
5.34934209397,5.94486678767,0
6.0633587978,7.88976855109,0
7.90368718195,6.68169276369,0
4.50240642096,7.46102742625,0
3.23403997349,4.53614829423,0
5.75942242698,8.29537497512,0
4.39083271117,4.26613442889,0
6.81760979606,7.14030661842,0
6.16330492089,5.83951505104,0
5.64892199533,5.91765476532,0
6.00076368576,10.4485636983,0
5.58435017838,4.26652796848,0
4.35026414148,6.33420214915,0
6.17085169437,5.90798821638,0
6.29858076962,5.78759311349,0
5.78271945654,6.27477488724,0
5.9979117869,5.09991369755,0
7.45734089469,4.39748170617,0
6.99179651718,3.32252421495,0
5.45979997054,6.66110704975,0
6.46412181406,2.843726325,0
6.04732117543,6.72685612831,0
6.31778753275,3.55847976108,0
7.28070055627,5.91139191377,0
6.10547806654,4.75880471911,0
5.18313313655,5.93304815428,0
5.95238611958,3.83380693656,0
5.24258636291,8.21448302997,0
3.67203526938,0.935531587318,1
7.02540257467,6.74252198356,0
6.63273279956,5.39250678446,0
5.29468210196,6.02618257338,0
4.30436547025,3.83586806807,0
6.30881161223,4.28762654735,0
4.99376433126,8.12316275037,0
7.20329070879,5.04971013028,0
6.84374374909,4.83072273501,0
7.55047166866,4.7308553817,0
6.92354688712,6.75969588397,0
4.85629855763,6.89520327616,0
5.75360932919,7.86199436489,0
4.35573342071,6.30632666065,0
5.57330056624,6.48900812185,0
6.67658565478,7.31369318423,0
4.79466075725,4.23500646847,0
5.05334006668,5.13900240046,0
5.74345256691,5.28106830791,0
5.97966309832,6.15693693955,0
4.93344565422,5.08916944952,0
6.62961011316,6.85352705859,0
7.65050680051,5.925126133,0
7.13269048296,6.80127018997,0
4.63444225867,3.8545280747,1
6.57085171807,6.50284537234,0
6.47345182382,4.92015059733,0
7.07841327666,5.04181865848,0
5.49477176878,7.05428180856,0
6.96788012393,5.13512374824,0
6.37090678181,5.51620044816,0
5.19732499549,5.33723723036,0
6.89238302241,9.57497430007,0
3.73740930159,6.56261620402,0
4.52106054955,7.18137128856,0
5.88423158538,5.8815470154,0
8.45274403519,7.91452949083,0
6.21720195855,4.72094499349,0
3.06732356423,5.43765755021,0
9.06101374777,6.31873534109,0
4.93262427733,7.21485913142,0
5.81261715322,7.39538343252,0
6.25110434411,4.18085150991,0
7.8267704768,8.73117789538,0
6.32450325324,6.33799604506,0
4.07582670243,4.42921365355,0
4.0669146075,6.80326105013,0
6.19134130342,8.1224744844,0
3.8935162448,5.21043052868,1
6.71383493658,5.72795312174,0
5.523406325,5.69282418943,0
6.21882963708,6.25285151293,0
5.301419786,5.21170855928,0
4.08534227533,5.25652930877,0
6.46956936605,5.60432635895,0
6.97476846505,7.33607281265,0
6.33995234366,5.91888822868,0
5.50581251643,7.80773756056,0
3.55886258159,6.22263976038,0
7.47947251287,6.3118832812,0
7.21642693492,2.09501336603,0
7.17243711691,4.41103342361,0
6.23270238198,6.92711146047,0
7.60773667723,5.88224966878,0
6.13548882453,7.75306329539,0
5.48339533221,3.9337671719,0
6.76746891136,6.49463257622,0
7.86176082941,5.76165857691,0
5.95264713713,4.84037076116,0
6.79785929689,5.85263980709,0
5.96540549817,6.01833272415,0
7.46001223074,8.73510209178,0
7.21557707475,6.16996685442,0
4.8787120578,6.09577789754,0
6.26364484637,4.85658943512,0
6.18868436976,4.48214303037,0
4.31971158717,2.4390733024,1
6.50880181772,8.97867212104,0
5.18320149211,6.84904239436,0
5.06224667743,6.82035499003,0
5.69439582049,6.65766388846,0
6.95572069178,4.55827297127,0
6.3184307309,5.59623125992,0
6.67820802399,9.35575599398,0
7.15388836794,4.89345743771,0
6.6262241061,5.35797720626,0
6.13599599381,6.21011970651,0
8.00890685844,5.94190934013,0
5.81907382661,6.2421173574,0
5.836719678,4.76630484763,0
7.30241736385,6.52143248279,0
6.8922486923,6.98778477935,0
6.03369944204,4.55859392892,0
5.93711701103,7.69636641433,0
7.16098626738,7.99081153948,0
6.29337228715,7.79423948764,0
7.1554090168,10.2037198278,0
6.42352628906,7.10497476902,0
5.59699983943,5.75581384094,0
8.41692955037,5.8095103422,0
3.83261940208,7.00783250263,0
7.71475067281,7.01305014906,0
6.58245200672,8.40298251955,0
4.823050578,4.97543640097,0
6.84213263522,7.29836277085,0
6.083042038,5.3350678853,0
3.82082861325,3.28437193884,1
7.55530635858,9.29246355112,0
6.4681827806,6.38951498323,0
5.56167953207,7.60737152321,0
7.59140298068,6.84063200789,0
7.53079675928,8.58765047987,0
6.37047417748,7.82270044755,0
6.42368274761,5.16543599365,0
6.51242254853,8.15141942095,0
7.71454928077,5.74766281728,0
5.01685924658,6.85617584911,0
5.78507077823,5.24389885975,0
6.28066496574,6.66284225679,0
7.12377907592,6.62520291616,0
7.66282989476,7.32456094735,0
6.0475073432,6.01819687605,0
7.11828512801,7.35582364631,0
6.03036963647,7.23528169834,0
7.82541407615,8.25597959698,0
4.87939670699,4.54701432698,0
6.13839305419,7.695024391,0
4.7916982921,6.27031917738,0
5.77347583755,6.03743484932,0
5.35864615244,3.5729840337,0
6.15905332601,6.13235384765,0
6.44551745663,5.94201224321,0
6.42598168275,7.32745052589,0
5.03491463316,6.39393032485,0
7.64357904077,6.11602113508,0
6.90899186844,5.77581542103,0
2.71112462544,3.46135466513,1
6.92678579907,7.43706718788,0
6.00001529008,6.09463293198,0
4.81332384661,6.37053474624,0
5.64059977696,5.75640583833,0
4.57147714545,7.49080309511,0
6.92884233247,7.52633071358,0
6.95756069843,10.2469819787,0
7.04414048247,6.46791659307,0
6.26441512315,8.47810718836,0
5.85075307585,3.20809380718,0
5.93923452676,6.0868726288,0
5.20349839254,6.74505931523,0
7.41446002643,8.48700733872,0
7.41061004425,6.88639910973,0
7.55544764598,6.55053248439,0
7.65114254531,7.3141893003,0
7.15198950524,8.21970312737,0
5.96675726217,7.58749146742,0
6.6221458796,7.10269879029,0
5.08207926849,5.54761964738,1
6.02651151523,8.34467957045,0
8.76390198029,7.08219336148,0
6.43701625372,3.91384203738,0
6.54564843161,7.02813617563,0
5.80558563522,6.55061624189,0
6.59731941461,7.49116954607,0
5.82500693117,6.38483507478,0
6.9585272842,7.85262084572,0
7.0950228065,9.62461970449,0
6.73903947079,8.01967197243,0
8.07493492551,9.6613655776,0
7.55046161138,5.69888531077,0
9.24004172506,7.95363551749,0
7.02555719665,5.64546204571,0
7.38177757913,5.02342071338,0
9.47877748227,5.99459028141,0
7.06120735557,4.86277306445,0
6.36508451766,7.57880084463,0
5.93853907005,7.72421111987,0
8.75222472761,6.66148259471,0
8.29105391808,4.72654692917,0
5.66045135173,9.31427561819,0
5.77623711867,5.84771470767,0
5.4450669261,5.92871764401,0
8.16054745298,5.73561993983,0
6.90628087636,5.94393427301,0
7.41910207245,6.20006940758,0
7.61684007646,9.86324395468,0
7.93022244681,6.86359636892,0
6.31539832044,7.76073740524,0
6.50358638078,7.01252213158,0
11.5809817072,10.89981949,1
7.65920231957,6.86676424598,0
5.4514124884,7.19315018639,0
6.95824563988,6.64862588642,0
5.78287833618,7.87017848185,0
5.61852569977,5.51846073229,0
6.73928301007,8.60129102838,0
6.33929676798,5.86588892189,0
6.55821487203,5.65469140352,0
6.31735995708,9.77462773542,0
7.59122544939,5.31682931978,0
7.62392871125,5.28644541667,0
4.72986924119,6.39866524226,0
6.37108340258,8.03417608093,0
6.56361345223,5.54091841936,0
5.14321282963,6.59535424611,0
7.02051420626,7.59311013932,0
6.07479627137,7.79771203942,0
5.21411366935,8.2068302109,0
6.7899214237,6.65738555078,0
6.33434440368,4.76861263842,0
5.83366394559,10.1319842581,0
5.86173131778,7.25932176491,0
8.32759609863,6.26277108641,0
5.73546765955,5.66500165927,0
9.94069347428,8.26979393183,1
6.43654110236,7.66210927149,0
7.2995666801,7.04269722807,0
6.49955226741,6.79832182806,0
6.50097345392,6.77831564371,0
5.06919067673,6.92430425459,0
6.0676408771,7.51246841566,0
9.80063603342,7.19070080739,0
8.16893364511,9.63758859401,0
8.03478206118,6.82338803961,0
4.81027749565,3.43558781513,1
4.1332312077,6.85352240727,0
4.53828199226,7.76912525127,0
5.28559597622,3.87476280594,0
6.58534237691,8.11307474229,0
7.55461033172,6.98004951125,0
7.969212114,7.83819159975,0
5.6461122903,5.57560223101,0
6.27624644613,5.77038741167,0
5.86123289784,8.1061944847,0
5.37233342015,5.8552084393,0
5.86632575096,6.78754572635,0
7.754868249,6.16111477124,0
7.87971598181,7.26730686789,0
7.16824272016,6.39531753252,0
6.85292587316,6.75673599567,0
5.47819397847,6.92228272707,0
6.01125302157,6.10092165171,0
7.29917003752,5.85679898109,0
6.82663280017,5.90297877849,0
7.62674108741,8.25345340947,0
8.50369042536,6.42615343908,0
9.08452774371,7.27706001821,0
8.17895845543,7.57699670871,0
7.74217357493,8.65722699924,0
6.76630512493,3.86219672709,0
7.44888798886,8.20953444074,0
8.53175244682,8.28594664133,0
6.57993967916,7.24574733221,0
7.64681708808,5.5709527517,0
6.24707141159,6.20117922177,0
5.77759307636,3.00152341738,1
7.48831440732,8.19926844507,0
8.1440249896,5.96800281222,0
5.55905248261,5.8545279751,0
7.0086589893,9.91532545362,0
7.88609858154,5.56133678378,0
7.52365823971,6.39609260102,0
10.0219432005,7.31225655506,0
7.70663762663,5.9210607609,0
6.22352325827,6.15290575789,0
7.90550299232,8.85931584616,0
6.25589131534,8.91941228863,0
7.68339709297,6.26796466599,0
8.50763581253,6.38241344227,0
6.27145136016,5.30963945248,0
8.47338626766,6.45217503767,0
5.86577235171,5.84615278575,0
8.96659662117,7.39430602451,0
7.7644138196,6.21136328538,0
7.94874652136,8.89374695901,0
6.9549130901,5.48112242199,0
5.29576244786,7.86614324602,0
8.03350325996,7.73851668077,0
7.18335127393,6.7639517225,0
5.60773877441,7.0119173913,0
7.53561111007,7.91255436622,0
5.87393515017,8.81872889885,0
7.1878193488,7.93297142129,0
7.54596740149,6.41032161515,0
8.41082723004,7.28260060756,0
6.35476206187,7.225245593,0
3.73840554865,8.00369987108,0
5.12691777312,7.91279261321,0
6.76393233526,5.54703195963,0
6.81672367863,9.81475339953,0
7.88477696451,6.59493577908,0
6.25845970881,7.76583728763,0
3.232870357,4.03870364183,1
6.4240986017,8.65682221249,0
8.15993904223,4.7055923053,0
10.1460258664,5.92752037126,0
5.28804265508,6.50088939012,0
7.50672640035,6.63479320603,0
7.62599996215,5.57379987478,0
9.79207767632,5.87266283092,0
6.83769186147,7.96880883613,0
8.37381939516,7.87582515966,0
6.07837659977,8.27727088747,0
7.1284812542,7.25952542804,0
5.01000533736,9.47068864151,0
5.08492653331,7.6023750909,0
7.1443324402,7.08794705917,0
5.96141526347,6.67943173992,0
7.25080163889,6.48085317791,0
6.73688204429,7.9831642363,0
7.69840830589,6.21915534694,0
4.74520619664,4.27959254289,1
5.84583095749,7.37478811047,0
8.24296831889,5.86600784715,0
9.10198468017,6.9041338106,0
6.61854713632,6.5868324104,0
7.43929522671,8.05812574751,0
6.92442849493,7.07564986772,0
9.15401568817,6.38364270908,0
7.40876170662,8.17133662437,0
5.94821348355,7.87639103575,0
6.52164084161,8.46692557318,0
7.3188636302,7.64941157112,0
8.05088458278,5.06594689227,0
8.23989290787,9.36620282431,0
6.21288086129,8.38816921192,0
8.06819487866,7.94993791923,0
6.11990148261,2.62123654843,1
7.64873826688,4.78727034633,0
8.21229447103,10.6776235184,0
8.46001080123,10.5049804662,0
7.16776920216,9.53548642034,0
8.51155363123,5.60787345304,0
7.26175476175,7.04497106686,0
8.27572210992,6.85871407953,0
7.25694218297,5.7714347418,0
8.04434746221,9.36112054379,0
7.56147241368,8.62891051474,0
4.67622964978,5.5913327994,0
7.14064272222,6.98397336734,0
7.05543136554,8.56854312511,0
8.03861521429,6.34076915106,0
7.25244296342,6.91790757265,0
7.57113132361,8.21695714794,0
7.78154210229,6.60996506644,0
7.83722976929,6.5246641939,0
9.48339350644,8.27901241497,0
7.47144889464,6.27279641889,0
8.76686266792,8.17243508713,0
7.33418526181,6.81295827388,0
8.03563939592,7.81799475417,0
5.50665521388,8.4235063045,0
6.68971862409,7.14634882161,0
6.72586841175,6.71111577194,0
7.14682765184,8.2878403982,0
6.69412389213,6.96648077391,0
6.4448106644,6.83171785092,0
7.6948335224,8.74675157951,0
8.04454305979,6.35219424912,0
6.1439160303,7.28885244167,0
6.9510860771,8.17872679638,0
6.93486596064,7.01910400758,0
7.92821020845,7.99245730283,0
5.40381199863,6.60212595565,0
5.07144889464,3.27947050947,1
8.48595832603,7.57462055543,0
7.80162348734,6.34471012245,0
8.73123164193,7.69882863231,0
10.8219035267,6.27951355475,0
5.63503793957,3.92842314348,0
7.13365638156,8.55387616066,0
9.70329593111,7.82340456444,0
7.24717064207,8.58460297149,0
8.60125862877,6.87202142034,0
7.00357441109,5.25502582275,0
8.35970462616,7.68615547188,0
8.51038748009,7.35937132093,0
6.10206856433,4.35937132093,1
6.40952286118,7.28722111296,0
7.26115414222,6.22460582679,0
7.1576424165,7.21682802205,0
6.94201651088,6.61883799667,0
7.39684358627,6.92159555043,0
6.94880223185,6.32981127967,0
7.29022848661,8.13099890551,0
5.19637302862,8.70026343933,0
7.73100973792,8.58697358994,0
6.32316928927,7.19403457143,0
8.38719596186,9.05383573114,0
7.53252878057,7.29656102295,0
6.75521604458,11.3497000382,0
8.60648245426,10.1922634422,0
5.33901713982,9.01802945791,0
5.30522944053,8.69821077038,0
7.27064572848,7.75770071731,0
6.54450070184,6.3096578772,0
6.62514576625,6.89295152496,0
7.88243749522,8.17134146686,0
7.81468073984,8.96645288182,0
8.83096923584,7.19928673997,0
8.24458368044,7.59049262461,0
7.76468143832,11.1787106614,0
7.92371394805,8.24946192158,0
7.83530825916,8.23176174338,0
9.69983336783,7.64601095302,0
9.44272744927,8.63870978859,0
6.18641772121,8.93199830019,0
8.54170523171,7.9153792014,0
9.82525233107,5.52562045269,0
6.33672879101,9.29319426345,0
9.44334006181,8.02422225562,0
8.01254657402,7.41421576516,0
7.77053394938,8.52309427035,0
6.29564785845,9.12637801136,0
9.63890297002,11.2986026168,1
7.79238400846,7.02982139983,0
9.32191602751,6.35387158369,0
7.2222937753,8.29194334114,0
6.41435567215,7.31672003384,0
9.5273389971,6.6987830973,0
4.45937248914,10.1224096975,0
7.95263216947,8.66315178624,0
7.28165328988,8.1565825398,0
8.68741734099,4.77443089004,0
7.88406798032,8.40634396539,0
7.69476228935,5.32814511801,0
7.27348914378,6.79709494574,0
7.40996144834,7.17513259777,0
8.08958503419,6.41714974878,0
8.43269505944,8.73816144292,0
10.0762302498,8.51048362115,0
9.13011748524,7.72152630391,0
9.97718504842,8.79185110652,0
9.23698757954,6.81715749731,0
7.5246844468,7.75058132651,0
6.27933493772,7.89842200247,0
8.01800029403,7.5687623266,0
8.31932336329,6.71097356701,0
8.57130665487,7.88350701443,0
6.55933600638,8.48883225836,0
5.92730953443,7.41571818791,0
7.54688835877,9.43811381698,0
5.87245626206,6.36132683154,1
7.58519979687,7.12538807236,0
6.37627203761,7.89980874013,0
8.29732739266,9.37463066621,0
9.43659778139,5.28207828488,0
8.83187492674,10.7580964394,0
7.17516379556,4.73418247168,0
7.50921697656,8.7771964938,0
7.75518278514,9.28171329401,0
8.45234525262,6.97964464226,0
8.11126621512,8.71702176401,0
8.12592392013,8.31331366144,0
8.30774856156,9.7977649063,0
8.72154372618,6.94385896528,0
5.13601260164,6.07328651533,0
5.08945659745,3.24841811912,1
6.15403546032,8.30181757054,0
7.99431921241,8.07349944579,0
6.02739966538,7.91153942848,0
9.72930596634,8.01236069718,0
5.03997059845,6.56302751592,0
8.7725996388,10.650719319,0
8.01644773696,10.120428061,0
6.79824456649,10.6853007439,0
8.47935771535,8.31959221966,0
6.05937307573,10.750065595,0
6.59151757107,6.82954880232,0
8.19669130859,9.8244973754,0
7.52256160957,6.26835189323,0
9.07205634151,7.11931512232,0
6.73553974786,7.78973672865,0
9.19165879863,7.71015080247,0
6.92866843849,9.1750045226,0
6.37766996325,6.35914980325,0
7.90787368628,8.28264473487,0
8.0528359975,9.91467752934,0
6.52292735832,8.06099998964,0
6.56789529411,8.88958035662,0
8.17544104046,5.80946549162,0
7.31783370358,9.37049575759,0
8.86457577272,7.60034999171,0
8.53979860227,7.54006512958,0
8.56801471152,8.53128039234,0
7.85384664605,7.14588364501,0
9.52295095282,6.84994223047,0
7.52169083054,8.00058254836,0
8.13935643326,7.02085391049,0
8.53525326374,9.93014241804,0
8.47142326844,6.79200383555,0
6.16216047315,8.22564075222,0
5.10994178658,8.72115020205,0
8.40757879134,6.79833212469,0
7.1641309366,7.11337958403,0
7.76193788886,9.41433828446,0
6.27840469004,4.39508091672,1
8.71971581319,7.42163010681,0
7.846424918,6.72622417494,0
6.91987154641,7.41980482198,0
8.20169173315,6.50013147576,0
8.31163389226,8.49724682234,0
5.46682710183,7.31154483268,0
9.23271206244,8.6783687395,0
7.95906456502,9.5353902906,0
9.63254279869,8.36848758634,0
8.50636063718,8.58760588797,0
7.92006189052,9.52012652759,0
9.86504675478,5.66174822261,0
8.50258300739,8.08404112897,0
8.57799870774,8.9087994647,0
7.17797595635,9.62198758041,0
9.3406370342,7.73556463922,0
8.07173599165,8.33385655478,0
10.3631795508,10.5454301647,0
8.84779814163,8.70611797876,0
8.07154061829,9.3855113479,0
6.27620260738,5.6992343293,0
5.50957482223,6.50224011298,1
6.46160283545,7.26744668769,0
9.70143035864,8.5228314174,0
6.61488080394,6.88332719604,0
9.48404461995,6.08403317216,0
8.55749391307,7.73936778158,0
9.13453600176,7.57718529,0
8.07671726793,7.79749702405,0
8.26505500763,6.93304045461,0
8.90324716489,9.08020655569,0
8.70204868638,9.01920873682,0
8.37212873816,7.19552656915,0
10.1140362101,9.68132183535,0
8.59326360743,6.65603541631,0
7.75332031833,8.06484261323,0
5.85477117821,8.52370027501,0
7.2875490592,7.63956776767,0
9.10825793173,7.37962048653,0
10.2751106477,11.6313819915,0
8.69875899053,4.73439444215,0
10.1876615872,10.4036513976,0
8.06970744846,4.57686535798,1
7.96019113861,7.01290514417,0
7.92420612313,7.68154490977,0
6.48385758528,6.73380437264,0
8.39283123606,10.4131160079,0
7.05955947816,8.74615182415,0
7.88260731633,11.9028037955,0
7.46595134183,7.54633726135,0
10.5273485939,7.6166021887,0
8.3919883513,6.14470464324,0
9.11298000697,9.07258073863,0
6.08041033354,9.13515889764,0
6.64065109081,6.35300202472,0
8.35954132263,9.99014466072,0
9.39082082477,8.05547218417,0
8.61978621716,7.66674841183,0
9.2707953072,10.6141965181,0
7.84004099512,5.52816451675,0
8.42502063314,8.25405247506,0
7.9171049904,8.1765946281,0
8.67910233846,9.51480421206,0
10.6644266196,8.26903569853,0
7.58249529564,7.43085651604,0
9.86254533876,7.58109622505,0
9.18294486121,7.66385617323,0
7.26654202961,5.95490266583,0
9.89102243125,12.6009045466,1
10.0914832736,10.3492662595,0
7.29974050961,7.74840335859,0
10.6138937175,10.2749940209,0
8.44252599868,9.83245954725,0
8.11010477686,8.2030416383,0
8.08194685844,7.07249084487,0
7.42525683006,9.55459530427,0
7.63482302315,10.6172590523,0
7.5899133187,6.67750386159,0
7.16169369932,7.54855826165,0
9.27630425457,6.9374852894,0
6.33615672961,5.9001749687,0
6.04191377452,8.44686371318,0
7.80466285197,8.2039988837,0
9.67284498094,8.35183425753,0
7.24481919063,9.69468436752,0
6.69108927541,6.54606557195,0
9.75423595322,9.10360050548,0
9.42620462732,7.10673231956,0
6.43650325563,5.43566141082,1
8.10004812651,8.6005968774,0
7.83017893943,7.51110555177,0
7.63452878403,9.37622567631,0
7.29277216881,7.9847400567,0
9.8570948795,9.45937151514,0
9.68530207052,6.40510017281,0
5.65767043657,8.07251629428,0
8.910366631,8.48852891531,0
7.57559939002,6.70502220597,0
8.60154313051,5.61897862501,0
9.14303655981,8.8524813205,0
8.0109875121,8.31472337686,0
9.48139172533,7.79330211701,0
9.55973409178,8.53465674642,0
6.90132622133,10.0230166075,0
9.98156580637,8.18208273392,0
10.2514711058,10.2119706538,0
8.80101155791,7.95657600735,0
7.50470139955,8.88681849301,0
10.490201327,9.73085181909,0
8.29071293288,7.84911583492,0
9.60461212961,10.5912866574,0
6.50150961829,10.8401325463,0
7.54654746465,8.12512881005,0
8.37939400038,7.15582681013,0
6.77926967744,6.47141133343,0
7.15098949507,8.54309261535,0
6.30882417732,9.94743296573,0
9.48707556196,10.084282853,0
8.58261161488,9.14718342568,0
9.23791495053,9.12131325451,0
10.0050624963,10.2598733533,0
7.02436324147,8.43470522304,0
8.29569773019,10.6352250563,0
8.64474918547,8.52238343278,0
7.72796581508,6.23816375295,0
5.06461273546,5.06571710189,1
7.65273232306,12.8412011379,0
7.03571332512,8.21203632794,0
6.48305624693,8.84889114119,0
8.44011102384,7.04644409873,0
9.16060179372,10.2335241712,0
5.90094270525,9.34394004799,0
6.49504643497,7.8193354186,0
5.96767500163,7.44652305597,0
9.36471089263,7.60831836879,0
9.05225633855,11.2394537801,0
8.26979574349,5.64565966198,0
13.0659889571,13.4401767932,1
6.11068566229,8.00211081971,0
9.19804082599,7.63636459948,0
9.53692954612,7.49512776532,0
8.18294463981,7.44673506172,0
9.70303552223,8.36370045177,0
7.0701035383,7.62010899801,0
8.90029593886,9.00825575613,0
10.4585679168,5.97501919774,0
9.60811607904,11.0920365477,0
10.0948386876,11.1614451867,0
8.39298919833,11.1897085254,0
7.35882420805,10.0364603328,0
10.5760090375,10.3742348499,0
8.97345187444,7.25158605,0
8.94135414754,8.57111933559,0
7.87967630455,3.70748311054,0
7.53709132616,7.651250721,0
7.38879116086,8.52322185129,0
6.8601129894,7.89065496447,0
7.27547745723,9.35494393935,0
6.56987316094,7.03149579227,0
7.0667383273,10.1733902058,0
10.0920329235,8.92347185325,0
7.9164938225,11.2712976422,0
6.02477478991,7.41227701198,0
8.27625533621,7.58093180475,0
7.75334159308,10.4500146261,0
8.30923300258,9.72550120564,0
10.1289363189,10.6387824772,0
9.04965838206,7.47899845658,0
8.17326485463,6.7786999282,0
8.84980256463,6.60062715715,0
8.11013953017,7.06032193862,0
7.9922230464,6.9104882233,0
9.08667676235,8.37839744526,0
8.71283424141,8.74244701163,0
8.34280556183,8.75226712757,0
8.53938595175,10.5346256724,0
8.53123477335,7.69821807282,0
8.43751155155,4.85488497155,0
9.07951758117,10.2578894977,0
8.78193835422,8.35538281625,0
9.68452748391,11.2364029838,0
7.50830252832,8.95063225564,0
11.2799375536,11.4278411154,1
6.96605385925,8.4082234063,0
10.0525211705,11.347668399,0
10.4021418444,9.33469116648,0
6.95013105724,10.1522675495,0
7.32423953428,8.76601893903,0
10.7893325991,9.21430814752,0
9.24673615125,8.0018836699,0
7.29776928232,10.2068032471,0
10.6646648358,9.38846456037,0
6.75111915072,8.89746847275,0
6.40733853891,8.0424816048,0
6.61489686558,5.06163849273,0
9.02857142595,8.41089097457,0
9.190026945,9.75286956776,0
4.06115634116,4.48743832244,1
6.56714915839,7.56639918611,0
9.35643676125,8.66676629838,0
8.95976499845,7.12502073083,0
10.1821983775,8.19657265625,0
10.3671216848,9.92501908827,0
7.49262927025,8.76892182185,0
6.58274808233,9.05256229006,0
8.94564688092,6.64836314727,0
6.83367754517,8.46573275868,0
7.58187087731,9.58861113663,0
8.76824498548,9.27407951502,0
10.2734961049,7.76953510893,0
8.03316696368,9.34566067991,0
8.02286033316,9.55908956361,0
9.50488628683,9.51482985431,0
9.92246923897,8.04844077128,0
9.99872316768,9.41032733798,0
8.54026223264,9.82065600476,0
10.17404888,7.51686621054,0
9.04800183805,6.20869614055,0
8.49074106315,10.4455132596,0
8.24993941363,7.87508609646,0
9.36740712428,8.72017167989,0
6.79979072928,6.40496290052,0
7.32756432562,10.0028518908,0
9.34366459568,10.6964732924,0
10.0662952353,11.6462846553,0
9.52911263946,9.18363032215,0
7.4164926845,9.08147111647,0
8.09607632009,10.1135185805,0
11.6155793634,7.39861252742,0
8.46270474667,9.40667642997,0
5.54053364083,10.1994067808,0
6.02630121464,6.73520628065,1
9.23358437938,10.2349089748,0
7.61762716877,8.48702049166,0
8.03871169361,9.16370464213,0
8.46807500341,8.60402122592,0
8.71434378328,9.97380052471,0
10.288394096,9.82699305343,0
10.3436060577,6.39934998592,0
8.91931006085,7.5620175002,0
9.8460326226,10.2805611598,0
7.45322586499,10.0721187232,0
8.80095006751,9.18928085323,0
9.99001328576,6.21320643798,0
6.95231016659,10.0834143184,0
13.0738594951,11.3180384975,1
6.60275941516,8.89576617189,0
9.39567040652,7.03231396327,0
8.94372942409,10.1070198007,0
10.5519554525,8.22611353076,0
8.77726025897,8.32102860857,0
10.4828867182,9.53318073351,0
12.2391891038,7.63232335491,0
9.9300655404,9.10418853565,0
10.0189184898,11.3909610377,0
10.6015352077,8.24605986819,0
8.63080630177,7.44741740008,0
6.65073346784,9.05844624221,0
9.28860164655,7.87769065165,0
11.0463558448,8.73649292993,0
9.6218364405,7.83852078454,0
11.1560243625,10.2384170192,0
8.05197040923,9.61494654296,0
8.46288137433,11.7166562904,0
9.5393958522,11.5622261432,0
8.0860322984,9.18019352447,0
7.59077735412,7.78448789893,0
8.86671188593,8.37953461383,0
8.04650112202,11.2546406984,0
7.22017920721,8.59657379339,0
10.8565189133,10.5402520882,0
6.69768422632,11.2262933975,0
10.9836541285,9.8101042085,0
10.5891177006,10.5020152378,0
9.08124333122,7.73395550814,0
7.0853995511,7.19236765314,0
10.8817233795,6.38480090823,0
8.3583676658,8.9564367224,0
9.35920166887,7.05727892383,0
8.36915962756,10.107641194,0
9.0356622054,10.4142012675,0
6.64140326638,10.7548536261,0
8.63375383326,11.7562337102,0
7.95167678841,7.12480066977,0
11.5491240471,11.6383053606,0
10.2686460656,8.87025913555,0
9.96133072035,6.88446681761,0
10.4966940493,9.35070980325,0
8.48714581566,9.25580929839,0
9.11757560033,10.1069325244,0
12.1990083995,11.2557205872,0
5.83933749942,7.009254517,1
9.37817303318,8.85773016367,0
9.06759344871,6.88973262901,0
8.30880532403,7.66143061136,0
8.32588982055,9.24328906272,0
9.25732473393,12.9640368131,0
9.67751822447,6.58492614652,0
8.24828679378,11.9209975566,0
12.554394583,8.70030488458,0
10.500693064,8.48518320068,0
9.6879904372,10.521351794,0
6.98332301061,7.46238846812,0
7.91292263196,10.2367324498,0
9.26146686349,8.38197333865,0
10.8344561017,10.5628959589,0
11.2941986468,8.83264345748,0
8.21154147587,10.696604968,0
7.8306132463,11.604722978,0
9.87628226774,11.1335432333,0
8.34371071991,8.58310706962,0
9.6846443821,9.8706820026,0
8.8521390869,6.93705926316,0
9.16227799131,9.03165431666,0
7.97781523817,4.28510539495,0
7.01201143851,9.88806964752,0
10.8732461172,8.3559725537,0
12.2152337326,9.68976108577,1
10.2033538758,13.7655522687,0
10.4655487117,11.2263957922,0
8.06095566852,7.72559086435,0
10.6387462038,9.31474142535,0
9.43939707555,9.72189118252,0
9.92270861665,10.0542558362,0
7.3747011009,7.75554691828,0
11.7069208065,10.749066461,1
11.1445331729,8.23529489175,0
10.3050470406,8.63185530138,0
8.517993077,7.08225296863,0
8.77022866619,7.59189439951,0
9.67723938178,8.59262857738,0
9.63348767509,7.46469343275,0
9.16133639426,7.63779662381,0
10.4214891184,6.87520320492,0
7.57856962904,9.26742586266,0
9.10195773404,9.21147340408,0
10.4916239797,9.51661246781,0
7.81463206218,10.2704319889,0
8.54239273445,11.1289179065,0
8.84552737309,7.08956775141,0
10.5662047412,8.04664231247,0
7.88785627617,11.0623481911,0
8.29821201093,9.40826378847,0
6.21930659725,9.076804884,0
10.3567856596,12.3285437065,1
8.75288276649,8.93227415614,0
9.09111585031,8.21753164112,0
7.80335659259,9.21085225288,0
11.0851787262,7.15930825181,0
7.49931232503,10.6304372026,0
10.4759680029,9.47828692039,0
11.9976918519,9.84247637896,0
7.71346008873,9.3127893998,0
10.1699822159,9.57784584941,0
10.4939037004,9.31333116572,0
6.5189495934,7.46492344122,0
10.1939617011,8.2358508991,0
8.72716200997,7.50507329265,0
7.64307438647,10.174764902,0
11.4529058693,8.58715510851,0
9.89401759026,8.06952193448,0
7.94022013143,10.403696945,0
7.62772311275,10.1279101454,0
9.24893742101,6.28326648807,0
10.6941079798,12.4797241311,0
8.85209769629,8.08772775687,0
8.6194676838,5.21817473021,0
10.6326193642,9.28678454421,0
6.69805115084,8.67882751661,0
8.17697916722,7.71407370343,0
9.07897277349,10.6107716301,0
10.2007616851,7.15570580064,0
10.1277358452,9.14639232254,0
10.6498343378,7.27198971847,0
10.4671010665,9.61540916948,0
9.70717356134,7.22793955779,0
9.1373176191,9.39138861461,0
10.3492758464,9.69047314484,0
7.70483390326,9.18327073929,0
7.46562426077,8.19091643084,0
8.56838189467,11.8007545322,0
10.2845357014,9.19428454915,0
7.72489000075,9.15453512308,0
8.52076775607,10.4721698065,0
11.0407898869,10.2556617375,0
8.15344620718,7.28108917778,0
9.05151388253,11.1555405201,0
10.4673769117,9.14025977589,0
10.7297026321,12.1130928557,0
9.41578874692,14.734301791,0
8.9908524095,8.78506244973,0
7.84664232504,10.0937549342,0
12.2954162763,7.99187679763,0
7.97951918652,7.60612157149,0
7.90585137152,6.49130929912,1
8.99221778969,8.89066946234,0
10.4295598456,9.86962605675,0
9.84030513165,10.3602485274,0
7.29816558686,7.5776804166,0
7.19466071415,11.833927202,0
9.46647159932,8.66873608431,0
9.03462254743,7.38577666046,0
7.45098227833,7.28324385059,0
8.35181084558,10.2006049777,0
10.6296297869,8.61951273131,0
7.43703047498,9.75923553384,0
8.95301007421,11.210347351,0
9.38633308103,11.0844506026,0
9.06627521752,8.75227101449,0
7.95419268145,10.1731125246,0
9.58432173877,12.670426252,0
8.07000036815,10.3633529268,0
7.58549899823,9.38467792148,0
9.12325138636,11.4347538697,0
7.67291692965,9.16698900039,0
10.0031124388,10.2236679401,0
10.3053398997,9.48215678457,0
8.64020559372,9.88071187202,0
8.92645085833,11.4946423063,0
12.1533682545,15.8009214205,1
8.68289385561,8.88788174652,0
8.95741245314,10.9106600157,0
10.4334127834,7.29894363381,0
7.98332295442,11.8119725567,0
9.79363002157,9.98332683232,0
10.6344660883,10.4606122121,0
12.1450061423,10.9423033209,1
9.65109964719,8.22934839836,0
10.0785033922,8.71941173342,0
8.46395361307,11.4719927834,0
10.8248221271,9.58333086141,0
9.02935708307,9.2662903321,0
8.48780269883,9.44455967264,0
11.6902174566,10.1550626527,0
10.1353467836,8.27524871392,0
9.56818639691,7.8054258926,0
8.79654096961,8.94266782228,0
8.50483194162,8.21512155375,0
8.2735152462,9.40534253493,0
9.92046559615,7.86863565672,0
10.1893589831,7.34099453549,0
10.8863599056,10.6655964145,0
9.05318713254,9.93152833601,0
9.2882876947,12.9120073888,0
9.65156406908,7.7057303999,0
11.655886892,10.5217064754,0
10.5726857431,11.4689039733,0
9.25024800842,11.7217484657,0
9.192614527,7.51485885502,1
9.86177502497,14.7395983237,0
9.207509647,9.29814924122,0
10.2132620719,9.37403367311,0
9.51074468909,9.9019348116,0
11.8122992086,10.6164754852,0
9.49200325247,10.7104796573,0
11.7771841237,10.6581055841,0
11.1989001174,10.1005589779,0
9.56549576505,10.3284831657,0
9.07669111362,10.5831865128,0
8.66787384187,7.95578545101,0
12.9914539044,10.9150634268,0
9.5426345994,10.6614136851,0
8.15737801242,6.98197251533,0
10.6013915223,9.68147005994,0
8.83371319834,7.79731416134,0
11.1116453414,8.2319805378,0
8.74146338811,7.77510817885,0
9.78686379598,12.0849161811,0
8.00973288309,10.4173141514,0
9.00962373255,9.05628221622,0
9.93591031095,9.45011350598,0
7.01570021876,10.2867342567,0
8.8223788759,12.3370138479,0
12.2239398549,10.0604356649,0
12.208629343,7.09715866507,0
10.2394290501,10.0132168538,0
8.76138137521,9.3430998874,0
8.98575897629,12.2897988463,0
9.43103087105,9.26088651151,0
9.97371360335,9.72266569481,0
10.2846544982,9.30058318773,0
11.1479898572,10.3145756346,0
9.66808198618,11.5628721885,0
12.0619184005,11.2065479324,0
10.386226298,9.83663343295,0
10.3887111411,14.6036676446,1
11.2584968428,10.4754611535,0
9.35765207884,10.4628837088,0
10.8616511243,12.3863914695,0
10.1724631129,12.6159652636,0
9.23013493352,10.4441511584,0
9.67138747764,8.88459003688,0
11.283083379,11.0088113033,0
9.16683198443,8.09118523291,0
11.5799971749,10.1457628632,0
10.4496803496,7.50298188805,0
7.79641486171,11.454064495,0
11.8564964439,9.83598415226,0
9.35501780957,10.2371549102,0
11.9490578147,9.50205115095,0
11.5690013133,9.65101769188,0
12.365670971,10.3002676657,0
9.15368283523,5.79773547656,0
10.0200366573,9.5498060886,0
9.08086424717,9.96789658039,0
8.56589259306,9.953760582,0
6.6242770358,11.3456720395,0
7.9860538755,11.4986092351,0
10.0104503609,10.1203077651,0
9.57314442821,12.1979825927,0
9.62326251457,10.2834747779,0
12.044429399,8.1938277044,0
11.2398910743,9.96714743137,0
8.90551984283,8.89426661361,0
9.34324316098,9.19707823396,0
8.91642101143,11.4280102377,0
10.4109298749,11.8666146069,0
11.2013341425,10.6564011526,0
10.5053828477,8.65359711866,0
10.6226659211,9.90415219614,0
10.2749874107,11.0605874189,0
8.6308917739,7.68696809177,0
8.60488322273,8.195516966,0
9.68475337317,9.42275597352,0
10.4442370699,8.79805512797,0
6.00488322273,5.03957019839,1
11.5105587498,7.69654949094,0
8.37475603974,10.2507382956,0
9.55009484634,10.98136751,0
12.1471965755,11.4322506924,0
9.09941941791,7.59856578452,0
9.85187959304,9.46063030998,0
9.00449605053,9.75223329946,0
9.59765372897,8.25362922755,0
10.3875344541,8.71858020197,0
11.0559444279,9.78304941154,0
11.0394981371,10.7950021141,0
12.2246654385,12.1434417172,0
9.77661611174,11.1267383639,0
10.9019540466,10.6145894041,1
9.8541244006,11.0023174386,0
11.472878736,9.55772179799,0
9.90852474151,7.00145802887,0
11.0416372544,8.65910445572,0
8.45498867055,9.96648107151,0
8.29427308448,7.45231174393,0
12.9551241701,9.18948543772,0
10.8968264152,9.37090662757,0
9.22632986512,12.2179601131,0
10.532924893,11.8383107463,0
8.56832814527,11.4944741427,0
10.4759492668,8.33821945058,0
9.76164033247,7.55910820695,0
9.67756385823,9.06057487918,0
7.18394907346,6.56222725816,1
10.0209211438,10.7607580786,0
9.47789863762,9.78072522796,0
11.8140978801,7.17135320462,0
9.94658279909,9.34631855474,0
9.68863512114,11.8741871583,0
9.5685254421,9.22024199473,0
9.79928843958,9.73082316171,0
8.96247052715,9.08980460699,0
9.14668815356,7.13150026733,0
9.60035374061,8.09019166321,0
13.2944974921,11.1307888168,0
11.4550918223,8.00276609978,0
10.1098082897,9.79475289326,0
10.3054190772,10.2302412893,0
10.0151945821,9.11199657998,0
9.69323485205,10.0830668507,0
11.5342609611,10.4007413625,0
8.79247174601,10.8074819348,0
8.69385023082,12.5007317009,0
6.84835618937,9.35839647269,0
9.79642084205,10.8910256845,0
9.76041419298,10.7691533458,0
9.42165662098,10.2461889731,0
8.52575591556,9.20618823884,0
12.4489192118,11.619789288,0
11.8722812999,8.09929144875,0
10.8376174307,10.3695438571,0
10.6814393311,10.6118873477,0
9.34555935988,10.191986295,0
11.3781981013,9.79398458534,0
11.5028099367,10.6032916701,0
11.7797361444,9.13906677872,0
11.9002087211,8.87688281605,0
13.7630978037,10.7183526298,0
8.76770724026,9.05242888844,0
10.4221720012,9.70958857262,0
10.1981793032,11.2321270456,0
9.86938289946,9.63410097688,0
6.14473183054,5.87752731517,1
11.4495875978,10.9071805118,0
10.3874210207,10.7330800033,0
10.3667358183,8.46425966362,0
9.86968731388,9.12704519184,0
9.86266593436,10.2102445299,0
9.98931056389,9.63712120159,0
12.5345875579,11.4798349777,0
7.85174395156,10.0239234678,0
11.1463116496,6.2674723981,0
7.92836324364,10.7144358139,0
9.73404534573,7.86484900333,0
11.0693639791,8.5551884776,0
9.73180444221,9.23219983231,0
7.1966655847,9.53706035701,0
10.7485147709,8.80095130837,0
11.4333502821,10.5717455987,0
9.50873513223,9.94021707354,0
10.5745941198,11.4194781084,0
10.1013831116,12.1953974078,0
11.2213308292,11.5579529659,0
10.2730204475,11.3984948615,0
10.0911100083,9.3168182696,0
9.5452271881,10.787229968,0
7.95074296743,9.94400570483,0
11.5396105221,11.3452807325,0
11.7112591712,11.5491364292,0
10.1494729874,9.25923862446,0
12.6314598333,8.98998244567,0
10.3149700993,11.45334949,0
10.741568444,10.2040120882,0
10.7257250372,11.9617030967,0
10.24529161,8.04137444516,0
10.0324849018,12.3086507893,0
10.4025702521,12.3713979905,0
11.5044134011,10.2412382462,0
7.64243115989,8.21730011737,1
9.26091176924,10.9994317105,0
9.6050922943,11.1367494696,0
10.8894341425,9.83611517691,0
9.98370800464,10.8677170127,0
10.8875115918,11.3349839308,0
8.63401524398,8.53722384817,0
9.2309836992,11.3429211368,0
10.9015393759,10.5094988171,0
10.7809573801,7.91790697052,0
12.0004863829,11.0275964849,0
10.6577527733,8.60529091318,0
7.58768366451,9.73517460244,0
8.75888675849,9.48573822038,0
10.2003214903,11.2282911566,0
11.7427271365,10.56670923,0
11.2146488794,9.8407607844,0
9.70094022918,10.2841962009,0
12.6218891963,14.0551925028,1
10.9042917568,10.4860899663,0
9.35443597519,12.2836652495,0
9.88432647139,9.55861866078,0
11.2464197018,12.0727753095,0
9.64565175342,7.39745636118,0
10.3873536905,11.310683909,0
11.2861613639,12.0444626852,0
8.45515560299,4.35881282426,0
10.2157184734,13.0466837722,0
12.1526474392,10.0578875711,0
10.150918394,9.17262376061,0
10.6584818038,10.0260196874,0
10.6799402737,8.45150598393,0
10.6637269841,11.0467825778,0
10.8712822208,10.7097868869,0
10.7155086022,8.08358533493,0
9.82759858455,12.166479743,0
12.1135841817,12.1530081757,0
10.3219175469,9.25250293345,0
9.370587446,10.876616739,0
12.4188777883,12.3454990643,0
11.6580342325,11.7779606157,0
9.53818762115,11.9131398632,0
10.9920745344,11.1031474297,0
9.8044740665,8.8954083683,0
14.7593354928,15.3467520602,1
9.99559027464,10.2971666496,0
7.51681695014,8.34188861762,0
10.3599210527,6.9815023645,0
8.89865273522,7.52007145276,0
10.1684080296,11.0028158809,0
8.85587326462,9.34021929955,0
11.5995301875,10.5905744661,0
7.68321909669,9.90710952598,0
10.9142227776,8.28945456579,0
14.4377112305,9.50737148265,0
9.19298359902,8.66899473101,0
12.3885054213,9.81356787794,0
9.36791127109,10.7373903131,0
9.17535643087,11.9909626727,0
11.3109599038,11.3033437441,0
11.1941224505,10.6256850034,0
7.86324927036,12.0229002634,0
8.84292028495,12.4189013691,0
13.2895167396,11.3980941323,0
11.9210893734,14.0554090371,0
11.4287310048,8.5410120186,0
9.53826954573,7.61555206469,0
10.1248717826,11.7143656603,0
11.3317477484,10.9074970126,0
10.1127989994,10.4578968342,0
9.43426051461,9.86905671667,0
8.99745443593,9.59099151192,0
10.4297380205,11.1090192748,0
11.8286562632,15.1909626727,1
10.8617841936,10.7414146616,0
12.1174849438,11.6039486716,0
10.0403265961,11.1531972568,0
11.7823374964,9.49566386096,0
10.9512206166,9.95829689377,0
10.2851187932,7.47218117928,0
11.6702988374,10.3893078206,0
9.26455452496,11.7658656915,0
9.4640328879,7.56383900977,0
9.99726967186,9.52193433544,0
11.940443668,7.66612518291,0
10.6327554727,8.48924297621,0
11.221147023,9.04860083467,0
10.6892431985,9.28849270946,0
9.88966575907,13.3275152859,0
8.18947756341,11.2638571995,0
9.81149674417,10.2124548207,1
9.26909867437,11.836112543,0
10.8469466463,8.07673539528,0
9.670163591,9.14939850776,0
7.86815055018,7.39587624351,0
12.2505434454,14.5261763505,0
8.49436844406,10.6478024688,0
12.4723236833,13.418698729,0
10.2317302581,9.60853656404,0
11.4579882834,11.4445966186,0
10.5557123296,10.0171421012,0
10.750637225,9.38310660738,0
10.7209424911,12.5536254626,0
9.93453961682,10.6018463879,0
9.39526473824,10.1267689072,0
10.0823325901,12.5795394043,0
11.1911984147,12.0705610057,0
11.9632386329,9.28403408334,0
11.2716492873,10.7320697693,0
10.9671461882,11.5340806743,0
10.7412230221,9.93579497385,0
12.6420202868,11.109955979,0
8.5669206368,11.3555250798,0
10.6632766983,12.7382803608,0
10.1830104988,10.8112494109,0
10.0959701907,9.09653571905,0
11.978965868,13.2745388281,0
9.68146062975,10.780720367,0
13.5854914548,11.4413580971,0
11.4427289445,10.4513662598,0
11.104470405,11.8283794026,0
11.773443545,10.520573064,0
12.2086463027,11.7449350434,0
16.2538242676,14.653833778,1
10.7721885436,11.4319630534,0
8.51750882496,11.665260682,0
10.7793232906,9.56806187265,0
9.06509229474,11.0007731561,0
11.65438565,9.02974269496,0
12.0132930742,9.11265092872,0
8.85781188103,9.64149735044,0
8.21188386136,8.54356136618,0
12.9673559543,10.6755765771,0
8.88937705655,10.4767476556,0
12.5642352395,11.177151748,0
11.9463511698,12.4868764912,0
10.0391995244,11.6385728316,0
8.9732719405,11.6395367539,0
10.7320589563,11.6761720758,0
11.465030277,13.9060490375,0
12.9549285351,12.4900487617,0
13.7547469471,13.1534928876,0
10.8635707352,9.69548170285,0
10.6050920466,11.5113868018,0
10.4981618508,11.060743345,0
10.3242831268,10.5348747969,0
11.8806441142,9.65883980794,0
9.0802695543,13.1726753152,0
11.9447435157,12.7196066114,0
12.1390285362,11.1217178456,0
11.6733862674,9.33318876769,0
7.92927441455,8.29269141388,1
10.9793934567,10.1295635767,0
9.86699699042,11.7664953601,0
11.2740945994,10.8099559459,0
10.1286357866,9.78225722527,0
12.3041738032,10.3532059001,0
12.5044450904,10.792713811,0
11.7525570799,11.1860067736,0
10.7574189615,8.47702570119,0
11.5951947034,15.7545966074,0
10.0333934412,9.96252733069,0
11.3897320272,8.01940998193,0
11.8378689542,10.8058482702,0
8.98500085979,14.3546698798,0
14.237159903,11.0387445049,0
10.9276658784,12.5680133957,0
9.33918641593,12.4172833707,0
10.9688825002,10.1620833078,0
8.35424754014,11.3886987246,0
11.4139395762,9.64852168377,0
11.762671639,11.9462876914,0
12.1498281601,13.6352938426,0
9.8641212508,11.3740535711,0
8.70645045424,4.79450688261,1
11.72770491,13.6375027688,0
12.6891679939,16.7797387493,0
10.944275592,10.373141754,0
10.9360432146,8.29864407105,0
10.190159391,12.964064635,0
12.4793289243,12.4244601177,0
9.46221333862,14.3803468752,0
10.3662710564,12.5977180454,0
8.8729237517,10.4834266244,0
11.5560543491,8.99685319129,0
11.5715423591,10.2629721059,0
11.1489815164,10.497493899,0
11.1122705211,13.7979506218,0
9.47925607045,11.5440504506,0
12.075119798,10.3906749375,0
11.5248918287,9.75913295121,0
13.3272177182,11.3748214777,0
13.4890643509,12.6120590252,0
11.1262739724,9.68221998029,0
10.0077678622,12.118310713,0
12.8551335564,11.6085861367,0
10.7528677029,11.5608493449,0
9.85843962239,10.8115142036,0
13.0806007343,12.3602723613,0
11.5373365179,11.83498865,0
13.7962144414,12.0041780987,0
11.7081652732,10.836757304,0
11.4704594394,10.0367975156,0
11.6385998551,12.9423994058,0
10.7247946921,8.18853457094,0
14.2156166381,12.9902318355,1
10.7795411368,12.6876732198,0
11.1346352355,12.2887363681,0
10.9040654092,9.89928250811,0
10.6970069346,10.6407510417,0
14.1608115316,11.434992652,0
11.8858916077,11.0024805969,0
12.1212771954,10.4724077015,0
11.7639733096,12.0149151177,0
13.8569755729,12.6903456508,1
14.2390526955,10.65628243,0
13.912758704,8.74137381884,0
11.9742362673,12.5074214463,0
10.9371249945,12.3345796821,0
12.1644972968,11.6394071239,0
8.99186008131,9.9854504779,0
9.56468835988,11.3208320744,0
11.9574750422,10.5204565104,0
10.8628509239,8.7609891064,0
10.5650552835,14.6651906942,0
9.06956931416,10.8574540382,0
11.1588280603,9.45306283958,0
13.4988764415,12.6975959341,0
8.29196684027,11.2071108546,0
12.7691474192,10.925828859,0
13.249892598,10.3049587607,0
11.4499232906,12.6807336676,0
10.4044603583,14.9523796738,0
9.41981580005,9.93611148032,0
11.5509975993,10.9191625875,0
9.06432570974,10.6809579758,0
11.6253354846,10.2912270457,0
10.5444985789,10.5903407502,0
12.34340766,9.97710234514,0
11.7705089342,12.4138259711,0
10.5944742673,9.75180393285,0
11.6842346814,9.93628619713,0
13.1433307242,11.5812376295,0
13.5748276757,11.2092856302,0
12.4533962708,11.5499580052,0
7.83894872721,7.3468858022,1
8.19088765956,10.7797746104,0
12.1595877654,8.77179673739,0
10.8525336489,8.04698094027,0
8.77212198183,12.0665068292,0
11.5254687289,7.48552056459,0
11.0372848769,11.7100180698,0
13.6463969673,12.978598833,0
12.4407950822,10.1829270809,0
13.2052341095,10.8390870731,0
12.2610630764,11.9371257607,0
13.1028455736,12.7777240806,0
12.7196481117,8.8779795988,0
11.7692270165,13.0678746071,0
11.7752010756,14.201936436,0
11.7569189802,10.2374022233,0
9.68706562226,11.7995003142,0
11.8216843059,5.74005512899,0
10.1260520434,12.6735638818,0
11.1234809551,12.9205401915,0
9.44050264657,10.475772152,0
10.3208386806,11.9224736601,0
12.7730254755,10.370357415,0
8.74522114162,12.4299366516,0
8.13581927345,9.36847387516,0
11.1832624408,10.0363267012,0
9.31590389108,9.6269832941,0
13.3122093562,10.1645157683,0
12.5287082482,11.5951628008,0
10.4874167072,8.13542041137,0
14.7770163287,9.96173961141,0
10.9234624847,12.0154108849,0
11.4971991739,13.3347989106,0
12.1903817968,10.9945583618,0
12.9560534443,9.74859805623,0
9.53037050264,9.14590562674,0
9.51478498702,9.88583360006,0
11.1790490836,11.0448982642,0
8.92859410188,7.4614791771,1
10.2110974691,11.7004216047,0
11.6191444752,11.042808554,0
11.6415260951,10.711094539,0
12.7418180852,13.5445514584,0
11.4350024916,10.1554917058,0
9.64032248208,9.62326450899,1
12.7315558672,12.6011656391,0
12.8853917867,13.2076464312,0
14.3063656396,9.8699359226,0
9.91582854264,10.4560995804,0
10.6963571444,10.5953551124,0
12.9764242552,12.5488242479,0
12.31254466,12.6481254724,0
10.5905176746,15.1294173408,0
11.9786199367,12.963130514,0
11.2409592025,11.4469494223,0
11.489097449,9.73189518731,0
12.6833258549,10.4736690527,0
10.2467922205,13.1244912382,0
10.3421313198,11.655601445,0
12.2261005953,11.840242082,0
12.5570899778,11.179711494,0
11.9149256653,16.2102231673,0
10.0411532699,10.3670377588,0
10.0382469562,13.4690844283,0
10.1642500904,12.2172928744,0
12.3606165838,12.8790286282,0
7.28927584707,13.1814101459,0
7.7080239268,14.2000459345,0
13.9197562024,9.13700991326,0
10.8407307034,13.7154010875,0
11.8444780459,12.5355039672,0
9.98319222121,12.2194645375,0
10.7544846998,11.7929564825,0
10.8200928175,12.4341068005,0
9.70376901588,9.61516930331,0
12.3373431141,11.79993268,0
10.5237809046,9.52255633058,0
11.4860444814,10.6667982827,0
12.4269873382,12.7345958186,0
12.0348202684,10.7139374847,0
13.6103453605,9.84092834277,0
9.98864385433,9.37665519038,0
12.3600904601,11.6507306454,0
10.121830835,10.9408925872,0
12.0645585377,11.4101930711,0
13.0661618985,13.6383524759,0
11.7691588337,13.9739228508,0
12.9856126303,10.0556623425,0
11.6523251443,11.1270187595,0
11.5599262879,11.2181414041,0
8.8322899485,7.95624011801,1
13.7186670209,11.676499067,0
11.8681685033,9.6801284139,0
11.8716501383,11.8348538489,0
11.760967427,12.7932762394,0
10.3802381512,11.963709915,0
12.3520806337,11.6542538208,0
14.5223144273,10.900415764,0
11.7428124937,11.6732097602,0
10.7715251925,14.3165869196,0
11.7106012126,12.3204904595,0
11.8796310483,12.1962538577,0
11.8733953414,11.2331891085,0
10.5132891823,12.5735303413,0
16.2749093485,14.7670321857,0
10.5508478168,11.9287564676,0
14.2929189436,11.7570017634,0
10.9658372661,13.4222360644,0
14.4159422726,13.6806537336,1
11.5773648538,14.2646283498,0
10.5984550083,9.76925940036,0
10.8946008137,11.0360731741,0
9.91304064426,14.5067414738,0
11.2193496236,13.8709159504,0
13.5411262282,13.3063123283,0
14.3093945582,10.9664475815,0
11.6809834064,10.4126268059,0
11.7457114119,13.9777568071,0
11.5974781592,7.27404905564,0
12.8678549015,10.8602117727,0
11.2229241643,10.6428220838,0
12.7925916592,9.84524271321,0
12.4799091302,12.1674433821,1
10.9707160805,12.9567609575,0
10.6400738086,11.2998910781,0
9.73764729003,8.89330227335,0
16.5974755133,9.61711361891,0
11.912430116,12.3627683351,0
10.1671237927,11.7458859357,0
12.1632339104,11.5532261908,0
12.6480313998,12.6469463056,0
12.3207184047,13.606512488,0
13.5664438718,13.7396218218,0
10.5199801726,13.4467646709,0
13.6499382339,13.898670053,0
12.3873886425,12.207081948,0
13.8009414643,9.69631336565,0
10.8748038986,14.304560715,0
10.8375947936,12.1447233436,0
12.5791659154,9.91843833801,0
11.6261020591,12.9981424657,0
9.85154881966,12.2124034147,0
11.8137894821,10.3677304497,0
10.904128227,12.1769785629,0
12.1887596945,10.312627508,0
13.4069110675,11.024360109,0
11.762505515,10.0535757349,0
12.4812615817,14.3750539792,0
12.9659806412,10.3175415909,0
10.4166641013,12.4239422354,0
13.4627385503,12.6139720619,0
10.7193453015,12.5561241754,0
11.0448501015,10.6398027155,0
14.0322705611,14.5992372341,0
14.0165199252,11.3574675513,0
12.1346962151,14.1019949084,0
13.5295476513,12.273092886,0
13.2294350295,12.331700932,0
11.4699952355,14.3325539389,0
15.8295652623,13.6019060463,0
11.7045870434,13.5308176323,0
12.9269070318,10.5783678002,0
8.82111512607,11.3130268743,0
12.9640275482,13.3341322778,0
12.2675838618,13.4726195113,0
12.3099459154,13.5728088005,0
13.3309380987,11.7716302105,0
12.0810283848,11.9447767707,0
13.0270092381,10.1720563176,0
9.012960098,6.77333184152,1
11.9204656363,10.5112108804,0
12.7732293598,12.9844582845,0
10.1689185245,12.1411530526,0
12.1869674742,11.0564644989,0
10.692112139,11.3209155848,0
11.6851002978,10.0644654917,0
10.2297568094,16.3975936655,0
13.4649700003,13.6791323402,0
8.48452567342,11.1228781714,1
7.71515692905,13.0014450695,0
11.2413354238,14.4092135164,0
10.923541202,10.7920388706,0
10.3427992925,11.4629852335,0
12.3873530426,11.9510743003,0
9.9442462634,13.1745119358,0
12.8989913375,13.5940928184,0
9.3782526613,12.0989816899,0
12.2734438011,10.7371949265,0
11.3302719747,13.6973220262,0
9.47208818799,13.7197070605,0
11.5790468853,8.9139273947,0
9.30781079318,15.2804088876,0
14.340332842,12.8292335302,0
14.9016667759,9.66093871107,0
10.7380990898,9.61260462984,0
9.72977777671,14.0958387594,0
13.5753719668,11.6249518936,0
11.8123938285,9.95827223979,0
12.8651973579,13.0177717486,0
14.2311905561,11.1856589648,0
13.3584273726,11.8282662996,0
12.7192318364,9.87793503711,0
12.2543061158,10.955165718,0
11.147137326,14.8714122256,0
11.0331147955,11.270346083,0
11.8058240403,11.2967370154,0
11.4022910874,11.0576526438,0
10.3111129418,11.5691608497,0
11.7153414094,15.3405448111,0
8.61417471919,13.2702996647,0
13.2714826621,15.447415808,0
11.9442962598,12.8247590755,0
9.71262662694,12.9167991945,0
10.7673130738,12.3103875513,0
8.63823609522,7.76523711718,1
11.9497633451,11.0188501462,0
10.4091760529,11.7821855218,0
10.7962907442,7.8373807432,0
10.4091572329,10.1205388777,0
10.9002293644,13.6080515144,0
11.4411594152,11.3762693375,0
12.7334839771,13.0233266147,0
12.5683725102,15.5135511544,0
9.18483464926,11.4091106701,0
12.5116441515,12.1181234561,0
10.8676364934,10.1670209665,0
11.259774652,9.76637751496,0
10.4240081321,14.0721873356,0
9.23218050895,9.34341865811,1
12.1223797821,9.14549771292,0
10.2355651286,11.6194775003,0
10.5798280198,11.1163646024,0
11.761758074,11.1260840884,0
13.1935323305,9.9462419162,0
12.8602770882,12.5462268778,0
9.45057955422,9.53557852876,0
13.6689978888,13.3838163337,0
10.7180953565,13.1431367137,0
11.2088372124,13.1912372526,0
12.4077054448,11.585580461,0
15.2266172337,11.6311806977,0
12.4558880951,12.7864243536,0
12.2231125985,11.4693891139,0
10.6950325721,12.2966500806,0
10.5120350962,12.0924303795,0
13.9262949485,12.53146126,0
13.7332917447,9.9297151786,0
12.0034618011,12.6419031586,0
13.7397916069,11.7078785805,0
15.3114579873,9.89773411937,0
13.3746010287,14.0670091327,0
12.1259987088,10.5629080673,0
13.6531935326,11.4744475345,0
15.2481244815,11.6453468611,0
15.6878997524,12.5595657134,0
11.0954392792,13.9220916903,0
12.9199890735,13.5834968274,0
11.9179476535,12.7512290547,0
13.6161807198,9.12341235617,0
14.3700191456,11.3679974977,0
13.8496420791,9.23973751047,0
12.0872960132,13.3751024749,0
11.6123768032,15.4362986653,0
11.0955791172,11.4826909575,0
10.6291869135,10.6055219178,0
12.2242653537,11.4076182674,0
10.5264255453,11.9907559569,0
9.57526694518,13.4439119769,0
8.83984518052,11.8184754011,0
12.1594695787,13.660369421,0
14.5303176316,9.66762411307,0
10.976199773,11.0174268949,0
11.0711532812,5.9351951821,1
12.7530482179,7.35254507986,0
11.807821646,11.3404241772,0
11.8621363248,11.6903708842,0
11.6749388286,12.0443732618,0
12.2230832719,10.7882388689,0
11.9218576977,11.4555711351,0
14.0881947396,11.3759113167,0
13.7161662821,12.4432916711,0
14.1197404716,16.1402338355,1
12.0731226216,12.9711204984,0
12.5598284488,13.9822580437,0
12.0366310621,10.9915406546,0
11.3340628162,12.829644764,0
10.3817903544,9.88692378018,0
11.1051682484,14.6894946241,0
13.6924763189,10.81939327,0
12.3288078595,15.2397306795,0
12.1714826474,12.2850249821,0
12.7478733021,12.3071245241,0
14.5399000127,13.9868781305,0
11.6812598249,12.1508122552,0
10.9349258328,12.3519627708,0
12.9469503683,11.5581863175,0
13.9618466858,12.3422375722,0
14.4917208879,10.2023671728,0
13.2312645954,10.839504309,0
12.9778405696,9.25621737513,0
12.6051709239,11.9832021057,0
12.2426654379,13.263196049,0
11.6202827826,13.3205146618,0
12.7940810604,13.050674712,0
10.2477708483,9.89661938908,1
12.6845096742,12.1870675018,0
11.6359816915,14.0231457088,0
12.6458978907,11.5657404572,0
13.3022963422,13.6998480851,0
12.9852389005,11.8844231425,0
13.7040530788,12.3727920742,0
11.7805572509,11.5317902814,0
10.6465568714,11.930334286,0
13.4413430031,10.3227176948,0
11.3883778633,10.3372144057,0
14.0272392977,14.0327455672,0
11.9872445701,7.48484930897,0
13.0406188571,13.2132441794,0
11.0799353249,11.5763569357,0
14.0339105519,17.1272778359,0
12.1408336104,13.2497939226,0
13.7244531222,12.5895236436,0
12.5384166877,13.555145266,0
12.4199742578,14.1292601572,0
11.969102048,13.2850986802,0
12.5919252891,14.9574562599,0
12.1524884235,10.8362606243,0
10.1027692933,13.3441910413,0
10.8475664125,12.0706892895,0
13.869955072,12.6821081746,0
13.8284993898,10.9371723262,0
11.8415271813,9.03412666044,0
10.1515007866,10.0925704504,1
10.1411325327,14.1101584892,0
12.6511868189,11.1868497565,0
15.2503944216,11.588418715,0
15.8236201647,13.2927510364,0
14.4781949876,13.6836838175,0
11.355621863,10.7081573933,0
14.3564957728,16.7371777133,0
14.9138651865,14.6568225919,0
14.5089807642,13.2193377229,0
14.7625625404,10.9360692088,0
14.8122715884,9.38766622421,0
11.4622053453,12.4658938321,0
14.7108769077,13.3145760745,0
12.6176450817,10.8343171251,0
10.879493218,10.4872192666,0
12.0276635387,13.2830787351,0
10.8648462481,12.8808938252,0
14.6394055327,15.1377961049,0
12.9515007866,13.4152199956,0
14.8358409388,10.6510392855,0
12.9798603156,9.89375390939,0
14.46898923,13.3871970917,0
11.7690679262,12.0731238033,0
14.6044174305,13.7328990616,0
15.380900617,17.6238959602,0
15.5395312334,11.4315543573,0
13.4638598267,13.745364173,0
12.0061438268,13.6834702449,0
12.3335497552,14.0230799358,0
11.0132345281,11.6865592949,0
14.9338302191,12.1860597258,0
12.310222796,12.6217644138,0
13.1704106584,10.2832083705,0
12.7277095486,10.3348739045,0
11.1197786101,9.21684239316,0
11.4644674719,13.4435223279,0
13.0093124069,11.8435276929,0
17.7409639886,15.5147231212,1
13.5537134339,10.9635838434,0
14.0114434948,12.4662996069,0
13.6082975625,11.8248990275,0
12.5246334573,12.4824482219,0
11.3281884257,10.9563557484,0
12.6076099894,11.3566071728,0
15.2808915192,11.8084829102,0
11.3499113499,13.4993661273,0
12.4180889697,14.5691980783,0
13.3893691069,15.2178111722,0
11.6222592452,14.3492137677,0
14.0765736738,14.0936008375,0
13.9618087386,11.6098978118,0
12.9628146856,9.85252832258,0
11.2993461677,13.5826926082,0
14.2982847962,12.5553636293,0
10.8766463807,12.5798239434,0
12.4738956712,12.0486766793,0
13.6473345085,11.8353394258,0
13.561370743,15.0295479616,0
13.6383770778,12.933338097,0
12.2994390278,12.0489332801,0
11.5843218596,12.8020742446,0
11.9958423495,14.8522300599,0
16.2036185628,18.5524775724,1
14.0285982509,9.78056643974,0
12.1243174425,13.9234853235,0
13.0012593905,12.6384941034,0
15.3271558013,14.5743391083,0
13.8565642027,13.4920348918,0
12.0126789414,13.9874892306,0
11.3019642073,12.5276883539,0
12.9079548119,14.8700528563,0
15.1453788955,10.5065282975,0
12.7442463527,12.8235815707,0
14.4273883221,13.6063288657,0
10.1927605256,13.7554593266,0
11.7499347087,12.6735811225,0
14.7213555142,13.5349178723,0
14.3441509501,13.5946491553,0
11.3909608169,11.7247908274,0
7.24912077562,10.5342544604,1
10.5352307731,12.6129332881,0
10.0704679716,13.8749130781,0
13.0473612443,13.4215173221,0
10.5362180235,12.114428383,0
14.8132071842,13.7953873254,0
14.1056260181,16.015441248,0
11.4685860028,13.404802217,0
15.0491362964,11.5549702257,0
12.5922816952,16.2354763089,0
12.9863249162,8.39068821666,0
15.0077149266,12.8099184587,0
11.7234810311,10.6837573063,0
14.2341895834,10.9671218861,0
13.0112250094,12.3189847973,0
11.6918353127,13.5615468611,0
11.1684607691,13.7840409915,0
12.7746659016,12.2897383225,0
13.141985298,12.0172559703,0
12.6925397591,12.2304277201,0
13.852850478,12.0752119071,0
10.2485908224,9.45141517136,0
14.1042415487,10.6672778584,0
14.1430397759,16.296399489,0
12.0908681151,14.4759592197,0
12.3887192642,12.7062905034,0
13.0129944712,13.3942872108,0
12.8395731849,13.006275019,0
12.7403685114,13.4537906369,0
13.5366008559,11.7832110936,0
11.6939671881,12.7648983752,0
12.7640275672,11.266890518,0
10.8679133105,13.2691296979,0
14.222726965,12.5616612617,0
13.8158935141,10.047236448,0
13.2798738075,11.1621421229,0
13.4278422173,13.2765851124,0
12.2645121409,14.6224999898,0
12.7396632708,11.5178238186,0
12.9366909197,11.4187365391,0
12.1294903097,15.5860076514,0
12.3930131567,12.5516416536,0
12.9607158032,12.906808157,0
13.5362656381,13.0757865045,0
12.216891226,11.6061625422,0
10.4514466828,7.81550201675,1
13.309796192,12.5910806981,0
11.1024781931,12.4327812247,0
13.1520235076,13.7826035362,0
13.6346930536,13.0106659775,0
12.4926886779,14.2858449017,0
12.2489540662,15.3721099894,0
13.4021510951,14.8941527889,0
13.8670602238,13.8568571988,0
12.8732735729,13.588746838,0
12.6766272074,13.9483405527,0
13.5051679511,13.5193004682,0
14.698644731,11.8240392111,0
13.5022460752,14.3839004977,0
11.8419093758,14.4234501893,0
11.6786418586,11.9581899928,0
12.2606132885,13.4609191972,0
15.1192148657,13.3269938048,0
15.0500526346,9.94031990126,0
12.5333141887,11.0620534181,0
11.3199702932,11.5755503872,0
13.5114974828,13.7921022925,0
14.155459669,14.9281613101,1
15.4555337223,15.5381939546,0
13.6951545041,13.5843958183,0
11.6720843643,16.7608945066,0
13.9422091321,10.8487464525,0
13.3663565213,13.2910527422,0
12.3030619349,14.5597373283,0
13.2939512967,12.9976541993,0
11.9596748441,10.3282604627,0
12.8336233358,11.2897301803,0
14.1377370938,11.8914071071,0
15.1036214653,13.4137985743,0
12.9215505814,15.4010513314,0
11.4633205121,12.7699705179,0
13.5122003473,12.7264971275,0
12.4710920692,13.5691718464,0
16.0485903437,12.8589117752,0
11.7383800007,11.1098510665,1
12.4170022117,12.220536674,0
16.2429231415,12.5557715126,0
11.460955658,12.518026685,0
14.5809140814,14.4684221912,0
13.837510088,14.3926160846,0
14.113990713,14.1363689253,0
14.1985498665,14.9434003627,0
12.4695281443,13.3602741255,0
16.6220532636,11.697572379,0
11.450416058,12.8147630919,0
14.9594659749,14.7006533868,0
12.1055315185,13.789906323,0
12.3118135405,12.4777694457,0
12.9881996303,10.6702644067,0
13.6744505729,12.6755611473,0
13.5790860462,15.1019667769,0
16.5386329063,15.2430991318,0
11.8024222809,13.118426795,0
13.8065098067,12.0097669808,0
14.8345820241,15.7906497322,0
13.5079465541,12.3308052699,0
12.0487160977,13.0710117815,0
16.6560711765,15.374287749,1
14.847332793,15.1209888776,0
12.0845183889,10.5461978573,0
12.116686734,13.3086229704,0
11.8901374703,11.2945109534,0
12.8570780095,16.4259687216,0
10.0791118811,14.1496384883,0
10.129376195,16.678097219,0
14.3175406641,19.6377951439,0
13.4597273837,15.0313625203,0
11.0328995918,14.1931949675,0
12.5524110138,14.3575761256,0
15.5956359129,12.7143167883,0
12.5175141279,13.3409701124,0
13.0642649218,15.4599872938,0
12.5355853162,11.3124446457,0
14.6286387876,11.6313088885,0
14.2374000665,13.6272151209,0
15.0407932682,15.2476706935,0
12.1204555862,13.7616802564,0
14.09342071,12.6538747278,0
14.4547171278,14.7131767142,0
10.3200068103,13.2620461665,0
11.4069229511,15.1567825632,0
14.8144164468,14.1276495863,0
13.1381021114,18.6567833347,0
11.7745202763,12.2782416844,0
11.9393608057,12.870997872,0
15.0438549147,14.3596701202,1
14.018988557,11.120219984,0
13.4243179616,10.4890719788,0
11.0990786924,13.6833523066,0
12.9031501756,15.8681134374,0
13.7040576329,13.847808463,0
12.9421991905,13.1455603206,0
12.7344895572,12.2800081505,0
11.7581200188,15.9929863759,0
12.8858935304,12.908616752,0
12.7196861624,13.7032455171,0
12.7738578672,13.0112549453,0
13.0759674981,11.6942669697,0
12.3811634144,13.1822696227,0
12.1872835432,10.9892102109,0
14.245594721,13.0491439068,0
11.8304032032,12.5576109097,0
10.0891321699,14.3574958293,0
14.1162691536,14.8548273907,0
11.2617914466,11.0797459979,1
11.8776527646,13.7941609153,0
11.6108059167,16.11488896,0
14.2251745073,14.2229938008,0
12.342566276,14.5225451982,0
12.0565431743,15.8730819061,0
14.9534618396,15.2459740898,0
13.9032766712,14.0864030778,0
14.1499958935,15.220630523,0
14.1368644397,14.6995219795,0
13.4599229687,11.9869696953,0
13.6160799505,13.7133891698,0
11.9597653357,15.7385389207,0
12.7305354909,15.2898694308,0
14.1253556593,14.4561346011,0
13.6974972761,12.7126941282,0
11.3588021062,14.1167891235,0
14.6888356517,13.6739144356,0
10.6273971291,12.1153955083,0
14.2626246011,13.5581214766,0
15.2542270846,15.011695693,0
13.4243056681,14.2969902207,0
13.3878938474,13.0934923209,0
12.7962287417,12.7450463722,0
11.861841253,11.7922035547,0
13.9399550689,14.2695994907,0
14.8288976014,13.0411543813,0
13.2400230449,15.8720327363,0
13.4453865097,13.1545460087,0
13.3397976167,12.4361670087,0
14.4697203778,10.1843240763,0
15.6417535312,13.6488830984,0
12.9190789312,10.7348637899,0
14.6025450841,14.1739078248,0
14.5971711231,13.2171674763,0
12.3004020584,14.4278134778,0
15.3118620218,13.4946853889,0
13.861568101,11.6952558828,0
15.1886904326,13.5271434084,0
12.9147970251,13.4269737917,0
12.6131347912,14.1694506088,0
14.2161604354,12.7651051201,0
14.9211344446,16.06199143,0
14.5340339945,10.9973158428,0
13.3974866624,16.6889753455,0
12.7835471525,14.696338548,0
11.6634939756,7.61500893772,1
13.8361167358,10.8968467334,0
13.2165534186,14.0218495418,0
15.4954301157,15.547377438,0
15.120398415,16.2990951618,0
14.58366145,13.3141530369,0
15.3156522007,14.8264651514,0
12.9580185405,13.0206968625,0
12.3970984338,13.3503609049,0
13.0839635611,15.6302788372,0
12.528484509,15.8561347789,0
12.0719260469,13.644266854,0
13.0227420076,14.9565247191,0
14.4623447937,12.0833899528,0
14.7481585594,13.1806204847,0
13.3221954296,12.7053261072,0
13.9845367588,11.2472471359,0
14.3543081115,15.3725546609,0
12.242899501,12.9108802926,1
12.1424861289,12.7879249038,0
15.2860677198,12.3761338589,0
14.5493620419,15.8829750878,0
14.9470847354,13.0540601291,0
14.7191235259,12.5686813998,0
13.5834826079,14.2288559789,0
15.5428091424,11.6404276723,0
16.8145955842,13.8772324002,0
12.9694754662,11.6246181752,0
9.87842100969,8.81849256442,1
14.8418337718,11.6250464193,0
12.8751244009,15.0500051723,0
12.7628620301,12.2126051141,0
13.7772179073,13.5792477678,0
11.8746371544,13.2127941236,0
15.0754057106,12.7846752904,0
14.3634042258,13.5820302738,0
12.9770672596,13.4075907009,0
16.0229839114,13.8103416805,0
12.329193624,11.0991346331,0
12.950311597,13.5473718663,0
13.4463329364,14.2076657258,0
12.6324958941,14.7141035371,0
11.8581684762,14.4276065207,0
12.6817124885,12.6043586731,0
16.585304089,15.2554807283,0
14.2278710979,16.5445947001,0
12.2659883422,11.8755066305,0
15.5629208113,13.7300777963,0
13.8555071208,11.5712356267,0
14.6763720418,14.5984346896,0
13.2713473251,12.0570587939,0
10.7761087908,13.6852279446,0
14.8036815025,16.2306045515,0
13.4027581646,15.8193431857,0
13.3635413794,14.2373255735,0
12.7855247252,15.9813018634,0
13.5442804165,12.0775412919,0
12.8924520465,12.832619973,0
11.9018435213,14.8260424041,0
15.0178307411,13.9507161722,0
13.9199404829,14.1431836709,0
11.924594582,13.2991808273,0
13.2190730477,10.4099651452,0
14.2714924388,13.7927148517,0
13.2407974327,13.2820127128,0
13.0327704425,14.8561987487,0
11.4061352677,13.2493858832,0
13.6179244319,17.381169927,0
17.1628588978,17.1927148517,1
13.6105763836,14.7748713654,0
14.7900412918,13.7084796365,0
14.2534442432,16.0440992977,0
13.8378860753,17.2601778906,0
16.7626890063,13.8036730387,0
11.3340556296,13.3347633338,0
11.5377546775,10.0749768208,0
14.1693888635,12.0873100891,0
13.0047717185,16.9611769368,0
13.3639519896,14.8603359165,0
15.5808690485,13.9458075058,0
13.2799238906,11.6943888492,0
14.9527299457,14.0118664313,0
13.8682755401,14.2932299869,0
13.6608423594,14.2438201862,0
12.4712398776,15.3710347412,0
13.7709938663,15.8005387337,0
15.504902682,15.1265522667,0
16.7665508893,17.6991072601,1
12.3026223233,13.6858480531,0
15.4616303066,12.5967909195,0
17.873009306,14.2823588834,0
13.1028592132,13.4128038342,0
13.3103519275,12.7351419539,0
13.9468909626,15.6354119611,0
15.4721962343,13.7373837537,0
13.9987616502,16.253256809,0
15.6116653664,13.8140485272,0
13.5971992781,11.5277006888,0
14.8455734262,13.0618371246,0
14.1388619524,12.7015072232,0
15.0297327432,13.4647592007,0
15.9018471,13.1178640876,0
12.2109159656,13.2924897363,0
14.6977873828,13.7627267536,0
15.4056066975,15.5519679689,0
14.8929678501,14.7575588256,0
13.0853243183,15.2280093588,0
15.6198704753,14.6975512825,0
13.6045381791,14.5560745504,0
17.6822846111,13.1357706456,0
10.0412453752,12.5894311859,1
15.2148051828,14.3384529094,0
11.8194795178,13.5485864614,0
13.3695319239,15.5092804399,0
13.4721010694,12.8851965554,0
12.6716434393,14.2482328749,0
14.1623564468,12.4837776798,0
14.5538779354,12.1544249739,0
11.8074905686,15.8476104411,0
15.0387572148,13.9362308044,0
14.2990465063,13.6840806445,0
13.7510318715,16.1826985906,0
12.6448549055,15.6139194709,0
12.3028304606,14.704841408,0
15.041316922,14.8719297553,0
15.2294159821,13.7199108838,0
12.9464131844,16.0011756077,0
13.2207497603,11.1910820399,0
14.7712423871,13.4376427135,0
12.1572809208,13.0353914516,0
14.3473014314,16.1144349212,0
14.0584816252,16.7060201556,0
11.2241132079,15.813261491,0
14.7114457342,13.8573064876,0
12.5673331917,15.7830913128,0
12.6143314379,16.2701205323,0
14.9182424491,11.4314563704,0
14.2821456231,13.6083729543,0
12.4959371296,12.3879652207,0
12.0867152578,9.96991171795,1
14.9987592135,13.3875132161,0
13.2946612771,14.8341655282,0
14.6959225414,15.6775438185,0
14.3825961679,17.3260907687,0
16.1699540784,15.9741846429,0
12.7309298839,14.2838592314,0
16.3353536966,15.6417267895,0
11.4939644392,11.7794122726,0
15.0207880126,14.6601762986,0
14.041579812,16.5774178075,0
12.7441146215,11.9015831728,0
14.1214923399,13.2472766304,0
11.1076403028,12.974295496,0
14.4496279404,14.2650018275,0
13.6132111124,14.1349741856,0
14.823949949,12.2200424533,0
13.7712820431,15.1606625291,0
13.5616475045,15.9815641534,0
12.2606582321,11.2739552865,0
16.209948876,15.1213497782,0
12.6110175651,12.7889027484,0
13.7370755727,13.6746339099,0
15.0259772859,15.234036707,0
15.7321413631,15.6329366544,0
13.47524382,14.1584076062,0
13.1057445573,13.022596057,0
11.294228951,12.8998500299,0
11.2178396672,12.2408379212,0
15.8904999265,13.1991602648,0
18.0688048066,17.7411995061,0
12.0111765583,14.5934230031,0
13.8849725096,12.1822226712,0
14.6503791018,15.3633080203,0
18.8094038304,16.6226088185,1
12.5983340551,20.0298607493,0
16.8856977986,16.5875640213,0
12.4227809047,14.9932142555,0
14.9225579215,15.6420803425,0
14.7948979497,15.9469242341,0
15.526512111,14.3940020478,0
14.8383680202,13.4041492601,0
12.289203733,11.6581612854,0
15.1170078359,13.5190586544,0
13.9158522827,15.2438441949,0
14.8245408589,13.1589177888,0
14.8338589566,14.9991261249,0
10.8564027209,9.78455303952,1
14.6850372585,13.7419347775,0
13.7821504886,13.2138386794,0
11.5921319024,14.8365757026,0
13.5204421387,12.7498943167,0
15.5923611736,13.9930654657,0
13.9322115386,14.4895146717,0
12.8034326959,15.7483351856,0
16.7936357731,15.1858556405,0
12.3311426459,14.9050194813,0
13.0148197191,12.4824155615,0
13.4773317699,11.8902298816,0
15.4070556183,17.1394786279,0
12.8950297884,13.1575236127,0
12.4133507892,15.3021802045,0
13.4161548061,13.5875419754,0
14.0878625204,13.3867913721,0
16.3254517766,12.5302583907,0
14.1795851408,13.6313134079,0
16.5111478057,14.9668180854,0
13.4836173624,12.9022137218,0
13.9442480206,14.1595938151,0
17.1571007458,13.7636740596,0
13.1590860857,14.0563554274,0
15.080399205,12.1535893297,0
15.541755697,14.5390785585,0
12.483734493,11.9618654378,0
14.1652873631,15.0241283535,0
14.4591220984,12.6452605472,0
19.0386357388,18.9990365364,1
10.7378963127,16.2263589741,0
13.9789525526,15.3300857507,0
12.6811561879,11.7198509752,0
15.0969081644,13.4485354564,0
15.7257868854,12.9048320703,0
16.2444133843,15.7391760602,0
13.8117939001,13.9239555593,0
13.4144400371,14.9809547911,0
15.4489585541,14.863578788,0
13.6087205969,16.3134260188,0
16.205067402,15.1130900068,0
13.5144528061,13.0168985913,0
15.4345237993,16.4795016135,0
12.4738335556,12.2798328485,0
15.5483749053,13.2354376129,0
16.1060600791,15.563923729,0
15.3586987229,12.9199419805,0
12.4679343003,15.0940969922,0
17.4876216974,12.9158572992,0
15.3310690999,14.3723562469,0
13.5336648972,16.3879979172,0
13.5835476348,15.7726576809,0
12.8733815671,15.2958358547,0
13.1468031832,14.9630724532,0
14.9321442471,13.5524192048,0
14.1573917184,13.3110336598,0
14.25899957,13.1109780837,0
16.8771863048,15.558885936,0
14.8703433982,13.6585999558,0
14.002607984,14.5132388833,0
16.4447985633,14.3072626065,0
14.1870361235,17.644244455,0
18.5181279116,16.1735910324,0
15.8753673536,13.2287438278,0
13.6094578459,16.2037194211,0
14.2397211828,15.4328335494,0
17.1391011282,9.0485094219,0
13.948244491,13.7034477454,0
12.0863864488,11.586086662,0
14.9823646615,14.3667982708,0
15.065407481,14.3339924739,0
13.9039278071,11.7262890852,0
10.5991300417,15.2506537268,0
12.1260197896,10.8930623671,1
15.6983857989,16.3215550842,0
13.6277188423,14.0372883617,0
15.2715008323,11.8594712265,0
13.2754742866,14.8834244489,0
16.600692674,15.9191878671,0
12.9931153954,14.3716190376,0
18.1728458614,13.8747416207,0
11.5820850859,14.4332366123,0
12.3596669549,17.5598969921,0
14.4170426251,11.812205434,0
16.8534145814,15.0875203195,0
14.8298237723,14.2050826699,0
15.9758226665,15.9655913774,0
15.9651523476,16.3124240331,0
17.8926289284,14.367866551,0
8.63590111332,10.9864990244,1
15.1159081354,15.2226845573,0
13.3842743394,15.5993965769,0
11.1231975417,16.2720524142,0
13.9145343014,13.0950779436,0
12.3383747089,12.9746153831,0
10.7547811852,11.7575755368,0
12.8621886602,12.4727623272,0
16.3840783134,12.1332264332,0
12.8213286753,13.1878756119,0
13.2988335449,13.6923627192,0
15.7342169668,11.3363119138,0
16.1078993616,12.2198309286,0
13.0979137697,15.9139638413,0
12.0546332333,13.9439070638,0
13.9393641899,15.0789873401,0
14.5734812601,13.0831148214,0
19.4974898718,16.5924063373,1
13.2660779405,13.3461601716,0
12.659230323,12.188177508,0
13.5030500652,15.2900875459,0
15.9992392837,13.4144443488,0
14.6926797108,13.5204409968,0
16.5445252598,13.139871037,0
12.6442604734,15.8485932432,0
16.3839675469,13.8208446692,0
13.3031466036,14.9252656624,0
14.5994818106,15.5494858618,0
14.1552619054,13.9521010278,0
14.485266125,15.8941776224,0
14.4023596551,14.2631495064,0
16.8542793706,14.4525325081,0
14.878117209,17.3878281065,0
13.4012316355,13.4487825174,0
16.1267950332,15.2110641942,0
14.0326794828,14.337368532,0
15.4309448201,13.2185921802,0
14.9727249311,14.0134276729,0
16.1811148878,14.3684548955,0
16.7994701928,17.6700056455,0
15.5789001526,16.5785772823,0
13.9695770953,16.5730095545,0
16.5484159157,17.8142587391,0
14.8065449245,13.6311455921,0
16.484736385,15.2851342508,0
15.4543828674,13.7182332935,0
14.3764856401,15.0803765381,0
14.3310814396,13.8339931321,0
11.905420197,10.383650696,1
13.8117142283,14.5026866459,0
15.602068348,12.5205025367,0
14.5473999341,12.7714047248,0
12.5546586377,16.7830727556,0
15.3376494253,13.9862699572,0
12.2926102083,12.8285437038,0
11.4620676603,15.6273113474,0
15.5763959157,14.4553218855,0
15.3400046885,14.982513749,0
15.6730433223,16.1705340007,0
15.9972513193,16.222886242,0
17.2276614463,18.1005680612,0
16.2462066002,11.9435965749,0
14.8651499144,13.8419739891,0
16.2167438728,15.1411905744,0
14.3328319307,15.5058402482,0
16.0015882315,15.9707052211,0
13.3630112824,10.951831559,0
18.881530407,17.3598768425,0
13.5508956528,14.0815562973,0
14.5720708618,13.4745070194,0
13.5748935674,14.0306384145,0
13.5160876764,16.3965849851,0
15.9387036411,15.0147269962,0
16.4837907062,14.3611483738,0
14.4424291048,17.5130990906,0
15.5972953618,13.8930934577,0
16.4697405565,18.2466262874,0
13.4313933835,15.6280698549,0
16.6065620776,15.8537222615,0
13.7949935574,17.1613163896,0
14.1969589917,13.8173340669,0
16.8368468465,16.3075994595,0
15.5741031812,12.3131459489,0
17.1295015084,16.456966475,0
15.1681852148,14.2457940725,0
14.5676954348,13.863099928,0
17.5341748296,17.3272015431,1
16.1779607735,17.7326085286,0
14.3839137965,15.040704301,0
14.3141744658,12.9936992649,0
16.3244237295,13.1065751663,0
