5.98477384152,4.98794784782,0.0
4.36544887586,4.23096372344,0.0
5.2778934082,5.85828669096,0.0
4.89595363588,4.23135354184,0.0
4.40653782691,6.55282369572,0.0
4.06760121958,6.19208303899,0.0
4.81698971872,5.20102254023,0.0
5.33826854584,6.29809406226,0.0
5.83343905082,5.96563169056,0.0
4.95984909721,4.1552869998,0.0
6.36544887586,6.23096372344,1.0
6.42647036057,5.03940312548,0.0
7.67625195868,6.26297113681,0.0
6.82275336686,6.93901786644,0.0
6.07171825712,5.02771157318,0.0
7.56137948049,7.40311235859,0.0
5.59399114819,5.15662046447,0.0
5.58055990874,6.11131944503,0.0
5.69009992704,5.73075608351,0.0
5.83577804943,4.93473750151,0.0
3.22925378262,4.55062349863,0.0
5.40559416656,4.91084069353,0.0
5.6939423387,6.84152432414,0.0
6.70045062778,4.75936924606,0.0
5.35082586534,6.77084332927,0.0
6.42690199167,7.59176332417,0.0
6.31765711422,5.94064285438,0.0
7.13720047333,6.94038524606,0.0
5.83662058995,7.20286477502,0.0
6.38579342045,7.00964552905,0.0
6.88597845409,7.51265956431,0.0
8.41527481056,8.03826055072,1.0
6.39647426144,4.80122171852,0.0
5.25327746947,6.85834358295,0.0
6.84705949151,6.15718248706,0.0
6.40678376459,6.46460741417,0.0
6.44809872643,5.99426509686,0.0
7.61472219753,5.51271314267,0.0
5.79880730505,7.02265106027,0.0
6.69385269728,5.4736548167,0.0
5.95536603143,5.11479408582,0.0
7.56448707066,6.49715181214,0.0
8.54123532039,6.94598277747,1.0
6.80004441529,6.40543268217,0.0
7.65204511678,6.53625987244,0.0
5.9249177445,6.98025153493,0.0
7.92543866281,9.92444298139,0.0
6.70549901389,4.96052021074,0.0
6.10770947107,6.65764192822,0.0
8.86211750866,6.6926450739,0.0
7.24546923762,7.4790523357,0.0
6.01702762236,5.19692978067,0.0
7.89980125504,9.06876891735,0.0
9.43635946764,9.66994256572,1.0
7.48688476512,6.22859381943,0.0
7.02650225819,5.4285762195,0.0
7.15898998369,8.20063346207,0.0
7.50637979495,6.19654918574,0.0
7.83321174324,7.68589318175,0.0
7.6762393855,5.403820533,0.0
6.86781517325,7.69389708626,0.0
7.46676707481,4.5761391003,0.0
6.34288751988,9.02695696942,0.0
6.53628463361,6.39775185259,0.0
9.912307363,7.6398885105,1.0
9.23165916759,9.47976608589,0.0
7.44842434555,7.55813711904,0.0
7.63242816924,8.33885744509,0.0
8.69500517613,6.29364123432,0.0
7.27437132104,8.01637274443,0.0
10.9719352923,10.6804913579,0.0
8.98826703606,8.86542421813,0.0
7.49361253586,8.61320281899,0.0
8.33195577607,7.94197544051,0.0
7.61839811071,6.83959427416,0.0
9.72877519575,9.83848796924,1.0
7.02907547443,8.11316313449,0.0
10.0778950891,9.11587262113,0.0
7.89378868183,8.91566644785,0.0
8.42498946397,9.35546573831,0.0
9.6726978939,8.59642005133,0.0
9.25818023367,9.07304389536,0.0
8.44304867421,8.84545443963,0.0
8.56774897618,7.37524057596,0.0
9.57941069448,8.68391950797,0.0
9.01704773709,8.83718474434,0.0
10.6408111392,7.59704659846,0.0
7.68248514748,10.1272615834,0.0
8.60706927041,10.2440466585,0.0
9.81225040934,8.36005919244,0.0
9.04055995264,8.57126085961,0.0
8.76213163457,7.70751174238,0.0
8.59418851587,10.2631622571,0.0
10.2641963513,9.77930952488,0.0
9.3031892544,10.6835531309,0.0
9.64684086026,9.88483430814,0.0
8.32281428592,8.38250598379,0.0
8.71152839043,9.06878790899,0.0
10.336934316,10.7577595321,0.0
8.56366379593,7.59192556749,0.0
8.01302867308,9.31284817467,0.0
12.3476735858,8.6684872489,0.0
9.54402834307,9.46746877521,0.0
9.09188589622,9.64976123553,0.0
10.2183950544,9.51888399814,0.0
9.14750517628,8.423448616,0.0
11.1198473062,11.4771068247,1.0
11.555824092,10.8317675318,1.0
8.14892740274,10.5041104185,0.0
9.27969069931,7.80160934656,0.0
8.47090525264,9.67025225021,0.0
9.18661441879,12.1101520351,0.0
9.83347270492,9.03289721149,0.0
11.6588085919,9.05618505755,0.0
11.9258592942,10.803685167,0.0
9.34545777264,9.647594722,0.0
9.51623136036,9.50373226727,0.0
10.4172273166,8.48659323707,0.0
11.5309947341,9.89541675878,0.0
9.62925738077,10.6055299123,0.0
10.3425990675,11.1543706743,0.0
8.14228098331,10.8060892353,0.0
10.6580550815,11.71299573,0.0
10.4259231533,8.956815324,0.0
8.5793380164,10.3763075099,0.0
10.0213618279,10.6876858656,0.0
8.5711348905,11.9665069886,0.0
12.1049242451,11.6734966969,0.0
8.47843167422,10.5844895756,0.0
8.26079573703,9.54756876873,0.0
10.2751364022,11.3173781491,0.0
13.1090703927,10.0621881702,0.0
10.8238196234,7.16947974373,0.0
13.6821336212,12.4864315969,0.0
9.33431087927,10.8328691959,0.0
11.5779779643,9.12407678932,0.0
11.4190114288,9.02402877379,0.0
10.9612165886,9.16366610221,0.0
8.60229857332,10.8089744876,0.0
11.4609854518,10.0189863129,0.0
12.7509505362,11.8991963182,0.0
10.6797315988,10.7780609046,0.0
10.6835132954,9.60154434101,0.0
14.4453881845,11.7370123649,0.0
10.2460470312,10.7274834734,0.0
11.8927081362,10.2567331512,0.0
14.681225599,11.6340477733,0.0
12.6864802661,12.1608814449,0.0
11.527866999,11.8124994835,0.0
11.6054496513,12.246731011,0.0
12.2831919995,11.6626969478,0.0
14.0514708203,12.6734036989,0.0
13.335365689,10.0240955921,0.0
11.2140269302,13.099323813,0.0
11.7844270695,14.3752016878,0.0
13.0142589123,12.2226067101,0.0
8.48277550114,12.7213647179,0.0
13.55715391,12.8636369702,0.0
15.6219398744,14.8302876722,1.0
13.0248967617,10.2274004644,0.0
13.8357233046,10.4480601337,0.0
13.0677742389,11.6721416712,0.0
13.7103129407,10.5637352643,0.0
11.6555272933,12.8464885351,0.0
15.090135035,14.0859454696,0.0
13.7884727897,11.9979857879,0.0
12.4232473974,13.2175091174,0.0
11.1000195211,9.58256286544,0.0
11.8063238055,11.9638433311,0.0
16.3560642518,13.2094865754,1.0
11.4022119932,15.1728126696,0.0
17.0188538949,12.2145107073,0.0
13.1814621555,14.020272385,0.0
13.7952086059,14.959206417,0.0
13.168789855,12.3888722663,0.0
13.5565605539,11.3847731193,0.0
14.1654188715,14.9231216135,0.0
13.0497834381,13.8404619389,0.0
12.4381543407,13.4534528481,0.0
14.6689221726,13.2319751413,0.0
16.4784901789,17.64248799,1.0
15.7330650111,16.5237435119,1.0
15.1214359137,16.1367344211,1.0
12.3493794867,14.086561509,0.0
14.9463007391,12.2725859635,0.0
13.2227203016,12.7887744622,0.0
12.9498064064,14.333704736,0.0
16.1925909785,13.058138918,0.0
15.4231293594,10.2595201055,0.0
11.9118488442,13.8251470232,0.0
13.5059492299,11.8287290063,0.0
13.7653608642,14.5305296306,0.0
14.279731458,14.9157414592,0.0
15.3095746269,15.6232717704,0.0
12.915301845,14.1521294789,0.0
11.5921312363,15.0399518875,0.0
14.1384841956,13.9263378935,0.0
12.7153051941,12.8500862183,0.0
14.5173634227,15.0766346541,0.0
12.955299677,13.1489954203,0.0
11.6824321603,15.4439594946,0.0
15.2470366264,16.1243613862,0.0
12.2249715649,13.4773471411,0.0
14.3489409867,17.7967616379,1.0
17.2741731731,17.8334444045,1.0
14.7688556907,15.3066569144,0.0
15.8548523666,13.238107968,0.0
16.3270654527,18.0610230752,0.0
14.4701630659,14.9801131702,0.0
13.0447472259,13.0049533699,0.0
15.5253360152,14.534882418,0.0
13.0407800658,13.9738279513,0.0
14.948773435,14.2424754561,0.0
14.5899343334,15.3082944687,0.0
12.7240214904,14.9180169352,0.0
15.8375952347,15.7978013787,1.0
15.4182640817,16.1826528878,0.0
12.0716194453,14.8222077724,0.0
16.9991550401,14.3147625865,0.0
13.2509198186,14.7031962827,0.0
11.5486301933,16.2127311872,0.0
14.9858458342,15.9772756146,0.0
17.4762279899,15.0299412212,0.0
14.7414777386,18.9376531915,0.0
16.3636293611,14.7199324401,0.0
14.451886984,15.227582379,0.0
15.4163181349,15.0991650241,0.0
14.4700795916,15.9302825949,0.0
15.5790560483,13.6095750362,0.0
16.5271311905,15.8023725118,0.0
14.5341937458,18.1951963577,0.0
13.0608404436,17.0586999089,0.0
14.8010703247,13.9342535622,0.0
13.8782333154,13.9892323288,0.0
16.2289701193,15.7106753577,0.0
15.5968538968,13.4088485695,0.0
16.0055847377,18.4617747799,0.0
14.1326884544,17.4265767969,0.0
17.1157744509,16.558581509,0.0
20.0982345731,17.0639833345,0.0
15.7960280699,18.8566021165,0.0
14.1745659444,13.2931389616,0.0
16.3259886692,13.8551151265,0.0
13.9407309082,16.9081631685,0.0
14.3117711343,15.1203528282,0.0
13.1708280612,16.8794856705,0.0
17.4129644647,15.8894823421,0.0
16.8958485652,19.1209650516,0.0
16.4596243786,15.6965979782,0.0
16.5311104174,15.9808384947,0.0
14.8753672589,16.9128835674,0.0
16.4720423909,16.3816542176,0.0
18.5423890045,18.032651868,0.0
15.9063579399,16.8565130902,0.0
16.9755487365,17.2492616885,0.0
17.6951389352,15.3343214274,0.0
19.3922000383,18.6291736379,1.0
19.4046180507,19.3142298773,1.0
18.1074017973,18.1494143507,0.0
14.9758965721,13.4477608701,0.0
16.3615128452,18.4903085774,0.0
17.8884635018,18.0198840967,0.0
16.4378673923,15.997343785,0.0
17.7507182313,16.2100773646,0.0
16.9283485798,20.1037184484,0.0
16.214015423,15.457938547,0.0
14.7927810132,16.2105842298,0.0
20.3736136609,15.6502129384,0.0
17.64110158,15.8948068575,0.0
16.959778075,18.2895164563,0.0
16.6991413165,14.6385241366,0.0
17.4416239801,17.6149599932,0.0
17.80032389,17.9132603548,0.0
13.9340222875,15.7929462151,0.0
17.7899064523,15.8714366058,0.0
15.0288564266,18.949765899,0.0
16.908220915,15.392820166,0.0
15.9876076538,16.0709305608,0.0
18.2057206722,18.9397227864,0.0
17.4481440618,15.6305702997,0.0
17.6737797201,18.6716982705,0.0
18.680818923,16.8119624646,0.0
18.1731935686,17.2281925458,0.0
17.4133139989,16.2220309777,0.0
18.5114416149,16.7340691647,0.0
18.5243886724,19.9630166047,0.0
19.7630978663,16.9487829828,0.0
18.2577808331,15.6391657045,0.0
19.1796249141,19.8128093986,0.0
16.7060802472,19.4596684771,0.0
18.7578932048,17.795115717,0.0
19.9412388218,20.8968451499,0.0
21.5776065665,18.0166163432,0.0
19.9139854877,19.6549123982,0.0
17.2069488991,18.4874583713,0.0
16.5326975873,18.789756861,0.0
18.7549043659,17.4740109545,0.0
20.5840626154,18.4349590685,0.0
21.0921776076,19.8392920374,0.0
19.4321211813,16.8381051547,0.0
18.3218098315,18.4826689227,0.0
18.8103252613,20.2661959481,0.0
19.3338432114,17.1473193074,0.0
18.0589545165,17.8791564469,0.0
19.721887254,17.8501284158,0.0
19.4409053362,19.1238449628,0.0
20.0545602204,18.2052816129,0.0
21.0635454299,17.331951897,0.0
17.3391701053,17.7687102605,0.0
20.2401636866,22.9142341779,0.0
21.2306777718,19.1187587001,0.0
20.1841055578,17.2776716595,0.0
20.5471171472,16.948651521,0.0
21.5914175635,16.6791749059,0.0
16.6537716908,20.4581006252,0.0
16.8752872004,19.6434017924,0.0
19.1676194599,20.1238631612,0.0
20.8011365224,17.9451575265,0.0
18.2818336421,20.0662873861,0.0
18.4043972873,18.4447567757,0.0
17.2713705866,19.0991402261,0.0
22.7005649664,17.9747103882,0.0
21.0307791818,20.3883024608,0.0
19.5821924856,21.7518180149,0.0
21.0458526369,19.8469449799,0.0
19.4038421412,21.1129445844,0.0
19.1098066303,20.2751759795,0.0
20.0034405096,20.6074879968,0.0
21.5666749474,21.6070344359,1.0
22.7444701458,24.9140956751,1.0
18.4451095926,18.9182854324,0.0
19.4942899991,22.1960730848,0.0
22.620736714,17.5397836169,0.0
20.3429678532,21.6703722469,0.0
20.9196532295,21.0043834305,0.0
21.8722657136,20.242091499,0.0
21.8278828989,19.8101837545,0.0
22.9976039318,21.5085026986,0.0
22.7496403352,21.2693741872,0.0
20.6531901488,21.5454164894,0.0
21.6388534771,22.112029317,1.0
20.7160385157,20.4885755648,0.0
22.2214345888,19.8990251904,0.0
21.0135236501,22.5607678286,0.0
19.6391824284,21.1867167044,0.0
21.5091464428,21.0012162753,0.0
19.767998964,20.9761467951,0.0
20.9273287317,20.1029569775,0.0
20.5011666652,22.4070588827,0.0
19.51692764,20.2793434233,0.0
21.639704744,21.9508022843,0.0
24.152231831,23.3278600768,1.0
22.8100402371,19.5288938132,0.0
22.5102211077,21.2600429884,0.0
22.0945663646,19.9016284301,0.0
20.9789762537,21.0973782703,0.0
20.0890884151,22.0738418999,0.0
19.008356033,21.4247203775,0.0
20.902347846,20.1351081705,0.0
22.3964173158,19.6779653262,0.0
21.2299776846,22.5997884581,0.0
18.1864374256,20.9112358969,0.0
22.7910784348,23.0014907691,0.0
19.2125391116,22.6836318674,0.0
22.4102434844,21.5168475003,0.0
22.6709414664,20.5876093775,0.0
22.1652093546,22.3038716881,0.0
20.8942940993,22.1633319099,0.0
19.6849743212,24.5207860288,0.0
23.8230833768,21.938473673,0.0
22.6118715708,22.9507267808,0.0
24.3046859271,23.5916953683,0.0
25.4515446996,25.5902070332,1.0
19.7359402333,24.1277672093,0.0
22.1583493576,23.6078364926,0.0
23.4192166419,22.327803819,0.0
23.0869463638,21.7402154117,0.0
22.0843790414,24.5202881566,0.0
24.3539255843,24.8608798935,0.0
23.6673115424,24.9989863061,0.0
22.1439979559,22.2518440719,0.0
24.930468281,20.3898680311,0.0
27.5239447013,23.0639139479,0.0
23.0525650237,27.4443919996,1.0
26.7358414323,25.6444286094,1.0
23.934602136,24.2670844267,0.0
20.7701887565,21.987527892,0.0
23.7540451169,26.5172714485,0.0
22.7463434947,21.3782463636,0.0
24.9254977154,26.9370705329,0.0
22.8348622806,25.0284070576,0.0
24.5838350661,22.1051760666,0.0
25.6098344175,20.3095613127,0.0
23.0205328948,21.6236890639,0.0
21.8087195007,22.590981387,0.0
28.9564745236,23.6562014188,1.0
23.4841362278,23.7305597378,0.0
23.6815399936,26.3563284557,0.0
23.7850585917,23.5831608445,0.0
21.8875833067,21.9596685545,0.0
24.6903075689,21.3372062242,0.0
21.8467774595,21.7141490801,0.0
24.9151690262,24.772179047,0.0
23.1495402621,24.4172824219,0.0
27.797816887,21.2932115193,0.0
24.686868155,24.3591675612,0.0
24.0113216192,24.4319012394,0.0
22.3282558417,22.5589942504,0.0
25.5483179032,22.1963614013,0.0
25.8321333436,25.3918770881,0.0
24.5200429147,21.8072793676,0.0
25.5153447501,21.0235455084,0.0
23.9361669802,24.6781600088,0.0
24.1292998481,24.2324544713,0.0
24.800242096,25.1727207001,0.0
24.4293414644,23.8767155956,0.0
25.4975147707,24.5502397171,0.0
22.0294321064,25.5079911677,0.0
24.095647125,22.4995648906,0.0
24.3357991753,21.9428617966,0.0
26.5657003649,27.7706923537,0.0
25.395434689,25.7316752806,0.0
25.185276521,23.288068409,0.0
23.3132524665,23.2771529234,0.0
19.9965380973,23.627990892,0.0
23.9495425422,24.5384607651,0.0
23.0365162659,25.0641873787,0.0
24.3217590115,23.9381317742,0.0
25.888426809,26.5538965978,0.0
27.9647001693,22.1911541063,0.0
23.3304511575,28.0575358313,0.0
21.0543722463,27.3155028927,0.0
22.8716828277,25.0333946856,0.0
25.6347223712,24.9434838841,0.0
27.6585288117,26.0787056955,0.0
26.3703648681,26.7885862002,0.0
26.500617881,28.5282889938,1.0
24.5184738615,30.7796045079,1.0
24.6644715462,22.4222270871,0.0
24.7632214274,27.3221229572,0.0
26.8516408264,22.5970848536,0.0
25.6885913634,22.2495301864,0.0
25.022773525,24.3322059687,0.0
22.0282372573,25.426611539,0.0
27.9309857997,23.7554459432,0.0
26.2843217541,23.7950773284,0.0
22.112461242,27.3196032035,0.0
20.5819240461,26.1138911446,0.0
29.7771715934,27.2879271677,1.0
26.3455214936,24.9078756152,0.0
26.540670653,27.4761988687,0.0
27.9276232519,25.8953105999,0.0
26.2508025931,27.0010362141,0.0
28.7736427635,26.2346726362,0.0
24.9941329675,25.6797386658,0.0
25.8908869981,26.3393728975,0.0
24.9808131162,25.0263008173,0.0
27.4773371241,23.8404480049,0.0
27.2707750617,24.9999877628,0.0
29.8668848659,28.4292389876,1.0
28.5021764886,28.5476641896,1.0
22.2566675951,25.7867888164,0.0
27.776715334,23.5168252554,0.0
25.5199397045,25.8393423456,0.0
26.7955003555,26.8866776155,0.0
24.2734773159,29.3758052147,0.0
25.2133977358,22.2154655602,0.0
25.302732476,26.760900493,0.0
24.148312546,27.5306354003,0.0
29.4137302811,27.9194683915,0.0
26.3913073362,30.3356241936,0.0
27.8931507932,27.9233736142,0.0
27.9421319461,26.4537697836,0.0
26.8457234292,27.1587424673,0.0
24.1911270752,27.0555381921,0.0
26.932117809,24.9236859067,0.0
26.1396602201,30.6278306823,0.0
27.5573838273,26.325775377,0.0
29.2515957812,26.8074997694,0.0
25.1958309009,29.3236283577,0.0
29.9729664723,23.9900356414,0.0
28.7735396649,32.9013371217,1.0
33.5506752363,27.5677444054,1.0
25.8917184313,26.7016461044,0.0
28.5843310842,24.9507082426,0.0
24.8335735616,24.7843888903,0.0
29.9996140257,29.7790025301,0.0
25.3895937262,26.7985903158,0.0
29.5523336419,26.269862134,0.0
30.9199839269,29.1769092195,0.0
26.8469206883,29.316168171,0.0
28.5797495726,28.9585414855,0.0
27.8236855012,29.7538122284,0.0
31.4292367766,33.3593635039,1.0
26.7234945975,28.3243365086,0.0
29.2790466761,22.5830410327,0.0
26.6090302862,30.5100131832,0.0
30.7278693964,29.1548964075,0.0
28.9358342277,26.4371426434,0.0
22.2571982226,27.1844054501,0.0
28.0601363602,26.0103663733,0.0
29.3333955143,28.1302149322,0.0
26.7992664683,27.5111904867,0.0
27.4583126447,26.2196870301,0.0
28.5100319395,25.7739737385,0.0
25.2986613715,31.5392030692,0.0
27.6964906876,28.5347959799,0.0
27.5595951376,28.7386808359,0.0
25.2901428517,30.8285239131,0.0
30.3758977151,28.5535606986,0.0
30.1191329879,29.3450262977,0.0
28.9254191052,28.3832537931,0.0
27.2442130771,26.8346914999,0.0
28.5087101228,27.9204351881,0.0
28.0612225661,28.6779719327,0.0
31.4041960388,26.3562875977,0.0
28.6319883114,26.1649756562,0.0
27.0610821084,31.7338316745,0.0
28.2382156179,26.7754801433,0.0
27.0451342186,30.0847682019,0.0
28.9643915588,30.433146583,0.0
28.3817769943,28.0635735483,0.0
30.5530095564,29.1274618093,0.0
31.0168987069,29.353959287,0.0
31.749040349,32.3657897156,1.0
28.9189332251,29.9735469057,0.0
29.5001103128,27.9632779363,0.0
29.902955145,29.4913925093,0.0
29.6424403862,31.4348413384,0.0
28.8134684793,30.3614883741,0.0
32.36068463,30.6960785068,0.0
30.1927681968,32.2165916915,0.0
30.7592804907,29.8299243327,0.0
29.652261384,27.5149405374,0.0
32.4085569173,28.5527055223,0.0
29.1340973609,31.1392974891,0.0
27.3182632504,33.5577322842,0.0
29.0613952718,30.9394446115,0.0
29.9964452175,28.2280292284,0.0
32.9531971567,28.6978173578,0.0
28.9964029608,29.6853717882,0.0
27.7039189403,31.8357484286,0.0
28.5806458935,28.0218985042,0.0
30.1479852883,29.599513366,0.0
29.9237160786,30.1935505718,0.0
33.7381026043,31.9696866152,1.0
31.0378998684,32.8204823281,0.0
30.1670940999,29.6196175455,0.0
33.5068182378,31.5553890221,0.0
29.4965161505,31.6076665427,0.0
29.2880190737,28.0689633446,0.0
31.1334363684,31.3159577664,0.0
31.0459441142,33.9386662477,0.0
34.0714798093,29.5126628272,0.0
30.6941670938,32.5400097085,0.0
28.4960797864,29.0629824878,0.0
29.775544841,29.8400667818,0.0
33.6095201467,29.7952966788,0.0
31.6779818233,26.368989471,0.0
28.8291346049,26.880651156,0.0
35.3475840972,31.1042776369,0.0
32.5550656978,32.2649141749,0.0
31.8496920485,30.6212487661,0.0
31.9479571413,29.9309232144,0.0
32.5181060288,30.7115129656,0.0
33.0073482686,30.3979079079,0.0
29.7743765423,28.3561412956,0.0
33.8137864076,29.9965075566,0.0
30.1850208371,30.5192523653,0.0
29.195820159,32.7154418083,0.0
31.7879732873,29.4741260211,0.0
30.4990366235,34.5044447595,0.0
32.3340092507,32.4218790625,0.0
33.2314717247,31.1821491581,0.0
28.5228505898,32.2281751874,0.0
33.0141939535,29.360250528,0.0
34.006015472,34.3402470002,1.0
32.3920747243,33.7328799071,0.0
34.0475358113,33.6313999424,0.0
35.4668239118,32.3550063929,0.0
31.0646218751,28.4561964767,0.0
30.1282572302,32.0211606966,0.0
30.7387152077,32.9580120028,0.0
33.4630936344,35.3593413341,0.0
32.3158047789,33.3261278618,0.0
28.1123673628,32.9751566353,0.0
28.6170526593,27.8620142531,0.0
32.5436627911,32.927363512,0.0
33.3310730235,31.4352135714,0.0
32.7664850672,33.9048662866,0.0
33.2748333034,29.7747863034,0.0
37.2031545092,33.2874117892,0.0
33.8069327072,31.9965522907,0.0
29.6103776878,35.4145816819,0.0
32.074987891,37.0345305755,0.0
35.1377841019,34.4785111549,0.0
31.3828015555,34.4962700591,0.0
32.8088473854,32.8942580541,0.0
33.6705390305,32.8261120158,0.0
34.7720042749,32.0476760616,0.0
31.2455010898,30.5540795667,0.0
27.9827395386,34.7461811321,0.0
32.343028858,32.2927761296,0.0
32.286673976,31.2341370148,0.0
31.4441106306,33.9788159224,0.0
30.1710814782,36.3102470789,0.0
34.9531982021,30.0897555772,0.0
35.1207660732,33.5459852377,0.0
33.8849616987,35.4833219808,0.0
32.827647997,34.1802438454,0.0
32.4393602117,31.0457779542,0.0
32.9317483331,33.0989239103,0.0
32.8513374877,36.3392952609,0.0
34.5834905937,35.2556561555,0.0
32.915341172,33.1403624846,0.0
35.099466083,29.2338962686,0.0
34.0035761817,31.656003227,0.0
34.6740712233,34.9760199488,0.0
32.8892381258,37.7345970147,0.0
33.0170111363,30.3247630583,0.0
36.5569355534,34.9580404306,0.0
31.0141525239,35.403067924,0.0
35.3150954493,32.1332884171,0.0
30.0288668867,35.076003742,0.0
37.5224824118,29.2644774922,0.0
36.9592359733,35.1690005829,0.0
35.4253087475,36.6011631667,0.0
40.506619085,38.9077239622,1.0
33.9785504183,39.0256872736,1.0
38.0704556607,34.8748598413,0.0
34.9340329011,32.8342724209,0.0
37.1776524087,37.8651188104,0.0
33.9414187107,29.8047023491,0.0
34.1037701594,34.4767949439,0.0
38.1380456215,34.2009011355,0.0
36.1113474519,33.4608342363,0.0
34.0752198543,33.1100162598,0.0
38.0378288348,35.3740465485,0.0
34.946922539,31.6892805193,0.0
38.0501412372,37.0849376427,1.0
35.1316996851,36.1813479885,0.0
34.1006331592,37.316148855,0.0
31.0094830246,34.4993119025,0.0
36.2619011336,36.1937392618,0.0
35.7668283223,36.910686735,0.0
37.8073001244,37.0781691168,0.0
35.9903878296,33.7580950535,0.0
33.9512751587,32.5354733711,0.0
33.439940234,34.1436493146,0.0
35.4140655508,35.1827646521,0.0
39.7668283223,40.910686735,1.0
31.6665714128,35.3599558984,0.0
36.2958484029,37.6584311975,0.0
36.0542155852,34.9162313814,0.0
34.5666300373,34.7028244405,0.0
36.6594418436,36.6248127408,0.0
34.5337074769,35.6448257803,0.0
35.9283959933,34.2185379501,0.0
35.2915353404,34.3110788749,0.0
38.7120026594,36.0805555053,0.0
36.2932011979,35.5152207547,0.0
34.1730759277,37.1841055861,0.0
35.5872471806,38.606386128,0.0
35.8401140595,36.1224962216,0.0
33.9146199454,39.6131895926,0.0
36.3507376101,35.8208824947,0.0
38.1397572429,32.7175969499,0.0
34.6028956983,36.6125013956,0.0
37.220971193,36.0110445117,0.0
36.6298013415,35.147109239,0.0
34.0651619315,38.7783116134,0.0
38.7187410857,38.9883731468,0.0
33.9854305297,35.4480794198,0.0
39.2648161456,37.2779460643,0.0
35.4485305375,38.1823884686,0.0
38.6547343337,37.5555754347,0.0
37.9779677827,35.7040872316,0.0
34.567041154,34.8703238323,0.0
38.9355661055,36.4287701574,0.0
39.8625070134,33.269019786,0.0
40.2679814732,36.560555068,0.0
44.3422912307,40.6348648255,1.0
39.5934223422,35.9909608983,0.0
36.8284397416,33.8830009809,0.0
36.4165320803,40.6718312637,0.0
37.612486389,37.9437875494,0.0
36.6245126389,36.9701089187,0.0
35.4967234626,38.3376361762,0.0
37.9735815361,36.3929275262,0.0
39.9073215989,39.3130791297,0.0
38.6913968457,34.3370279131,0.0
33.6375335794,37.7305727467,0.0
40.5153123867,44.7706115701,1.0
39.7404588643,41.1832824619,0.0
38.2152189526,39.1108252612,0.0
34.8765038878,36.5561080167,0.0
40.6321440713,40.2454576074,0.0
37.2795958927,36.8752394514,0.0
41.8089055768,40.7134106223,0.0
38.1565624017,35.9774292004,0.0
39.6605332788,39.8736436139,0.0
39.1323428312,37.4058613348,0.0
36.016605162,37.382573825,0.0
36.4845615354,38.7242574191,0.0
38.4848882061,36.7164186873,0.0
41.0261956315,38.4188360411,0.0
40.9084249233,39.4235637356,0.0
35.9278424188,35.4439155744,0.0
38.7578295553,38.9574981623,0.0
36.696908181,36.0063091857,0.0
38.0196864216,39.9364267895,0.0
39.1088284087,39.0499703314,0.0
40.3581927627,37.3238083638,0.0
42.1669746922,44.0837150602,1.0
36.2739882789,37.7431914896,0.0
39.4857420335,40.5858548734,0.0
41.6682916535,36.2785898198,0.0
41.90307274,37.4776733791,0.0
40.6745983977,42.9930615724,0.0
39.4824396883,39.9639608105,0.0
38.125420148,36.9296701057,0.0
36.792845444,37.3160730413,0.0
34.1143824797,37.6952838909,0.0
38.2360413518,36.1879027435,0.0
41.8067535354,37.0812245994,0.0
41.7361854562,36.4842917225,0.0
35.3357913446,37.2558998328,0.0
39.5519565093,39.9067016774,0.0
42.6518967474,40.814592445,0.0
41.3428303922,40.8322576104,0.0
38.4095451195,39.0289802286,0.0
38.2847995776,37.6143697453,0.0
40.3305257516,33.6557054929,0.0
41.495338384,36.7534722218,0.0
41.6559449959,38.6465650685,0.0
39.7629576375,40.2297210064,0.0
42.3280998845,38.5203403046,0.0
35.2418998148,40.8928668917,0.0
37.1724282576,39.141525363,0.0
40.8282944216,39.0358857649,0.0
45.4030163504,38.6248464666,0.0
43.9364078306,41.2640510629,0.0
37.1750930205,35.8204926696,0.0
41.464684036,40.2959858208,0.0
40.2131968245,41.0677409299,0.0
40.6285816405,40.0221766506,0.0
41.4651945053,38.0598520877,0.0
41.6306446876,41.4667001898,0.0
35.9500723347,43.1542725174,0.0
39.6691872042,36.8488137931,0.0
41.375727656,44.7243809886,0.0
38.5419081534,35.8153880051,0.0
39.9200664312,42.1921254523,0.0
38.9817164215,42.3235613802,0.0
40.8544130564,38.0800505732,0.0
44.3030546492,40.5546717473,0.0
42.5966270244,43.2394027838,0.0
39.7594934374,41.6507855444,0.0
39.9239807027,39.4145191503,0.0
37.3000978479,39.4326360558,0.0
39.5797384974,41.3320414769,0.0
40.6196693824,40.9210323671,0.0
41.1624801867,39.2711940914,0.0
37.2271972839,38.6906892514,0.0
39.8459746102,39.3938903294,0.0
39.2714853609,41.1314174828,0.0
42.4967710783,43.2278195496,0.0
39.0650122265,42.5878030517,0.0
40.625606262,39.7904581513,0.0
42.2563994817,42.7314555291,0.0
38.9962751258,39.1442787215,0.0
42.1215785397,41.4066322029,0.0
41.6484856516,39.4512807141,0.0
39.9405535131,41.8587680236,0.0
40.9826118536,42.2034934107,0.0
42.2310926169,45.4028021124,0.0
42.6363334199,40.6959243898,0.0
41.9936844116,42.6797123355,0.0
41.3952366573,42.5569564885,0.0
39.5554690959,39.5002220581,0.0
40.7360321363,41.858310941,0.0
41.2752567268,41.2835957335,0.0
37.1763890372,38.8238552231,0.0
41.3514337274,37.2347821914,0.0
39.7927535206,38.6787959143,0.0
38.7860236275,39.2544595349,0.0
44.4232372416,40.4487586031,0.0
43.4372250263,48.9191928337,0.0
45.0343388016,42.6497742665,0.0
42.2849228493,43.4376936908,0.0
43.5894261675,43.9422735666,0.0
42.6138250327,44.1397659151,0.0
45.5017502539,44.1388842983,0.0
41.9193578179,43.241833517,0.0
49.8376469316,48.4747809761,1.0
40.5019603592,40.0911475091,0.0
39.73842247,38.3887514233,0.0
40.1714125029,43.4516684169,0.0
42.5438564943,45.3075331692,0.0
44.8238465397,42.5014478102,0.0
43.0722819209,44.0883474724,0.0
42.916642244,43.755610088,0.0
44.4674751205,39.5553180079,0.0
44.1075437417,40.6365271495,0.0
44.3567379372,44.9088404228,0.0
44.0973214135,42.7476503668,1.0
49.1827454833,46.8603467538,1.0
43.2154997322,41.9810067229,0.0
38.3538074285,45.9057310144,0.0
45.620394499,46.0944766494,0.0
47.5417712542,44.4351827829,0.0
42.0717145894,39.9229651487,0.0
41.5857993581,45.7987358889,0.0
45.8434992169,43.3771317955,0.0
42.0795695323,41.2181949299,0.0
39.1512806836,41.2335798687,0.0
43.6138074216,44.5915683069,0.0
50.225279677,47.7589122555,1.0
47.9955878816,48.9733487669,1.0
45.8250161763,43.6726089029,0.0
42.6024932995,42.2206086455,0.0
43.1577797522,45.8945793576,0.0
40.6390207745,40.7601505377,0.0
45.4468381376,42.6555216035,0.0
42.9056917558,44.7114588051,0.0
46.338598297,45.2420870272,0.0
45.5865356512,41.4707965458,0.0
45.9055111073,41.1881191867,0.0
42.110265131,45.9595828367,0.0
40.5163104439,47.4838398989,0.0
44.2747637874,44.7913810491,0.0
38.8533722184,45.5915330957,0.0
39.4598670914,41.4301436376,0.0
39.7464301679,43.5132471937,0.0
44.4148515561,48.6624108082,0.0
43.5417370517,45.0959898808,0.0
43.2879172426,42.5752481562,0.0
43.6774729783,41.9568265211,0.0
40.7525872266,40.8229843778,0.0
47.5873840212,41.5087099265,0.0
46.6132721106,41.697737484,0.0
39.1374881159,42.4437722422,0.0
42.6161582799,47.6785942308,0.0
45.0892651824,39.878005083,0.0
41.5991368846,44.0892480362,0.0
45.4693402655,43.3039431209,0.0
44.4139544878,45.0553011505,0.0
44.9727382581,42.6535765843,0.0
44.6273453379,46.0958447663,0.0
44.7852696454,43.5789641264,0.0
44.0401995971,43.584376966,0.0
45.3867364625,45.7028578433,0.0
45.8806021186,47.3629960535,0.0
40.6316755726,44.1730911131,0.0
48.1267335662,42.8559781694,0.0
43.8141654343,42.6250858609,0.0
41.6276853912,45.8120328494,0.0
44.4166772268,43.9859995239,0.0
47.0363368964,44.0872430865,0.0
46.2222829772,47.8241909405,0.0
51.6413357843,43.6962435265,0.0
44.2134604473,46.9898669189,0.0
41.1304313436,46.04578696,0.0
48.5889077159,46.4750579217,0.0
44.071208957,46.4562911411,0.0
45.7307656602,40.002646172,0.0
45.7509317677,48.5859711652,0.0
44.2584933134,44.8066391148,0.0
47.0604539583,45.2031099877,0.0
50.716723988,52.3186319513,1.0
48.6063677639,44.7136832316,0.0
48.4417210022,48.4912244473,0.0
43.4610157517,45.5977852225,0.0
43.7908199622,45.4937252036,0.0
44.4221145894,41.8935558547,0.0
47.6853650803,46.5563895815,0.0
44.2290199232,45.6434771884,0.0
47.2566719402,47.3363020387,0.0
44.9958175095,43.9672812402,0.0
47.6825763627,44.6772734703,0.0
41.1097707958,48.3770936327,0.0
50.4723097565,44.871004155,0.0
42.2811730948,47.3752757278,0.0
50.1471126738,45.5004711067,0.0
42.3453189453,43.4686742136,0.0
46.8925777736,48.0455813748,0.0
47.1071659649,45.6791940513,0.0
46.5775685938,42.3951257817,0.0
47.4466055645,46.1122694239,0.0
48.7206003283,45.7424965409,0.0
54.685834961,50.0391933938,1.0
49.5753780482,50.8914918061,0.0
48.0513486419,46.6800179842,0.0
45.4237147873,49.2846898119,0.0
45.5292450755,42.5909905461,0.0
46.1697909708,43.6602790588,0.0
46.3301852292,48.1814727015,0.0
50.78495826,45.3259990179,0.0
43.608786306,44.1750355506,0.0
44.7548250585,48.2766859213,0.0
48.8788640901,46.2143949445,0.0
50.8908869296,52.7421744019,1.0
50.4745400192,50.6088269853,0.0
54.2799778418,51.3381003739,0.0
49.7313766547,48.1887607475,0.0
52.133777742,44.5760067103,0.0
49.9767108601,48.6578486095,0.0
43.8307400515,47.4013529165,0.0
48.838073862,44.6821107346,0.0
49.192146134,49.900301317,0.0
49.8442779694,46.9580191705,0.0
48.1773112096,47.4729612721,0.0
51.7929899125,46.8008938916,0.0
44.4518473111,46.8289103232,0.0
48.2094219647,46.736039619,0.0
47.1045882555,49.3671127608,0.0
45.221909321,48.2790356088,0.0
47.0220123857,48.8009883197,0.0
46.2769992801,45.4596218224,0.0
47.1348891058,47.3658294746,0.0
47.1641429803,45.6103947569,0.0
48.7501681134,47.8358473824,0.0
50.0222677192,45.3130496448,0.0
49.1362008851,47.2092437821,0.0
52.9144988785,53.7306699691,0.0
44.1295413561,49.7784540482,0.0
49.469123207,49.0230365233,0.0
41.7833461007,45.9072253989,0.0
50.0976129311,50.3524214141,0.0
49.6635373445,44.7504679611,0.0
47.1063495667,48.4340345128,0.0
51.0198661977,46.3232902542,0.0
48.974505149,53.3316937204,0.0
48.3110619902,48.9244050988,0.0
51.8879564799,48.5448309715,0.0
48.0677714622,52.2024716755,0.0
49.0237660413,51.6728085901,0.0
50.029150481,47.8517694321,0.0
45.6608085914,50.7631951943,0.0
49.247271383,50.2836384727,0.0
49.5586840282,48.0307943546,0.0
46.8456160309,51.7961423302,0.0
52.9586420056,53.5719851142,1.0
56.5355364953,53.1924109869,1.0
50.6516011479,53.3433740413,0.0
51.8311491415,48.4233155596,0.0
52.2378338099,48.1927982557,0.0
48.8593953518,48.8641707078,0.0
49.0717382228,53.8678034888,0.0
51.755138341,53.8282646662,0.0
49.9097115652,50.9950918236,0.0
48.6683907613,48.5627283147,0.0
52.5897257627,52.100635223,0.0
48.6919140127,52.0079426942,0.0
50.927402414,48.8245954371,0.0
51.1711613048,47.9198317202,0.0
47.9066978252,50.5264634168,0.0
49.0463400761,48.3211238985,0.0
47.7280082785,54.1608404851,0.0
47.7513444442,47.8426738771,0.0
51.96928163,50.49286161,0.0
51.3525273481,54.6366906821,0.0
53.9542438875,50.2421025638,0.0
47.3809595598,55.3071046567,0.0
58.6446596473,54.9325183236,1.0
51.6767172202,49.970767518,0.0
51.7541581768,50.1402332619,0.0
51.6391246408,52.3971505214,0.0
52.8403750153,50.6406861623,0.0
46.7082922837,51.7972726508,0.0
49.6471901746,47.678344403,0.0
49.0728246377,49.4531897496,0.0
49.4217166999,51.3927035341,0.0
56.6798168893,49.9938055747,0.0
51.2069073405,51.9946520742,0.0
53.6602713652,52.7707854807,0.0
50.6670000859,48.7330699465,0.0
52.4756112514,47.5760275195,0.0
48.5154594373,52.3958579153,0.0
50.6543660492,55.4781622002,0.0
53.5177035427,54.2161396352,0.0
48.15686122,49.4688438044,0.0
52.800845256,51.206302571,0.0
51.4652300005,52.151859104,0.0
49.9886952799,51.3483662505,0.0
57.2084750779,52.308891346,1.0
48.2762468465,48.5387665929,0.0
48.6050591327,51.1320955422,0.0
50.1138843967,50.4311378428,0.0
51.0567818917,52.8271809044,0.0
50.5925484513,51.7801309833,0.0
53.0284415277,54.720003725,0.0
48.1469643821,51.9198474493,0.0
52.7220234409,53.3414166343,0.0
53.7605813616,47.1423564468,0.0
50.7247490339,49.8019068763,0.0
57.4759691705,58.0953623639,1.0
47.6678632317,49.6877366874,0.0
51.9973131547,52.7674755019,0.0
51.9655602809,55.1337527651,0.0
50.7144496313,49.3105544361,0.0
50.5067508808,52.4345749216,0.0
49.2281626781,52.0318854978,0.0
51.9999812622,54.7500542466,0.0
50.712357556,53.0054042031,0.0
54.0389681334,48.9366117039,0.0
52.8325324081,52.7657447518,0.0
51.901525302,51.5445790774,0.0
54.9943766107,50.9546329613,0.0
56.753287719,52.6286999097,0.0
50.0045264889,55.2297845853,0.0
50.8547978183,53.6783135555,0.0
51.6125264587,57.3062347876,0.0
50.2391296494,45.0346325954,0.0
54.5633835054,52.2736212194,0.0
54.8897774743,49.4216294816,0.0
49.9205064712,59.4939712935,0.0
59.790208134,55.7504644846,1.0
58.3402491276,51.5811183583,0.0
51.3715659174,52.8420148081,0.0
45.6667894397,54.2412891711,0.0
52.0718719657,53.7644689304,0.0
52.9409610562,46.8342187665,0.0
48.1212915746,52.0365863466,0.0
51.4790426097,52.7886616554,0.0
56.5354050516,52.0428341964,0.0
50.6522497555,55.1021103577,0.0
50.468098583,52.8958937552,0.0
55.2847364145,57.7125315867,1.0
54.5850520914,53.1731520422,0.0
51.4066508485,53.3907208231,0.0
54.0359418439,50.6535896244,0.0
52.6385679747,54.4301955477,0.0
48.0868237091,53.6351185358,0.0
50.8402310626,52.5686916679,0.0
55.8902112289,58.455267547,0.0
51.3117344752,54.7270841348,0.0
55.317458085,51.7231659384,0.0
57.1399722521,52.466505857,0.0
52.1106233146,54.0849813351,0.0
50.94764353,50.8115338071,0.0
54.1441016375,52.8636453755,0.0
54.8822797,53.0142115192,0.0
54.1635966347,51.9228984871,0.0
52.9261358095,47.5584585679,0.0
53.4298621323,54.7099766787,0.0
51.8220321728,56.3367533273,0.0
56.091417905,48.9765591627,0.0
53.2890782017,53.9283880447,0.0
56.9686064352,58.9429644557,1.0
52.6127731057,53.9479801676,0.0
55.166913134,53.0935857623,0.0
56.8085738002,55.0141589548,0.0
53.4170458127,53.2911168355,0.0
56.5412246553,54.3140638764,0.0
58.5619651237,50.2641640163,0.0
54.551918581,64.3136971904,0.0
53.8335917861,54.9617443844,0.0
57.4820914561,51.3687585846,0.0
52.8893056189,49.7901225693,0.0
61.6870981672,59.8926833218,1.0
58.2955701798,58.1696412026,1.0
