5.5638122801,5.99915863562,0.0
6.18232157621,6.07633146267,0.0
5.17934907234,3.92892775162,0.0
4.29190237044,2.82972161957,0.0
3.70926761652,4.53224097826,0.0
4.83723272905,5.13114573862,0.0
5.33089556811,4.02845757803,0.0
5.99419422414,7.66540654913,0.0
5.98342868352,4.35464572748,0.0
5.1787933486,4.97263541449,0.0
5.0945070783,3.79110986469,0.0
3.74948331717,5.47875237583,0.0
4.89252087213,4.95194307379,0.0
3.92686459538,4.89407471018,0.0
4.47696881402,5.86394505481,0.0
3.57037899927,5.60854252079,0.0
6.37337347516,5.9526442826,0.0
4.49497326417,3.83794776857,0.0
4.87515027274,6.07912460632,0.0
6.37865365331,5.35205846488,0.0
5.19635458832,3.50432096383,0.0
4.35750457602,3.55463059567,0.0
3.67754463299,5.277634436,0.0
5.28729639617,6.86962401951,0.0
5.23884712257,6.34046294158,0.0
4.96018207911,6.79346207734,0.0
3.96762751643,5.04637760668,0.0
5.40388615641,4.58498235334,0.0
5.87243370027,6.89198576666,0.0
3.74111784581,4.3842510353,0.0
7.97005139661,8.98960346301,1.0
4.65757860264,5.27726508863,0.0
5.72643826383,5.2976196977,0.0
5.37521032848,6.45712366623,0.0
3.65128357271,5.48835426473,0.0
5.2059225869,5.16453891334,0.0
6.29802757125,6.61842874298,0.0
3.34060497276,4.77956415672,0.0
2.65429047106,5.54799654863,0.0
3.98384276827,2.86420757788,0.0
6.41118547249,4.01946860126,0.0
4.26473092357,6.08085506189,0.0
6.72437949267,5.52794747738,0.0
5.89412613109,4.16307470477,0.0
4.63090564117,6.8206288904,0.0
4.65729668047,4.89509100589,0.0
7.29169237845,6.35259781395,0.0
4.8975009632,6.00555409346,0.0
6.71283109885,7.5587176977,0.0
4.1854988079,4.50254473624,0.0
6.72634273314,4.38299655433,0.0
8.08501636111,6.35396493479,1.0
6.94084939789,3.87799496444,0.0
5.302452738,4.98290944711,0.0
3.43693395971,6.04432130725,0.0
5.26769080587,4.11067874451,0.0
6.82168863756,6.35354456761,0.0
5.0093182581,6.16054338423,0.0
5.60882474314,4.76112127267,0.0
6.71852523256,4.80559113239,0.0
4.0705535651,4.80191325924,0.0
5.36169552682,6.17803293673,0.0
7.12309827965,3.56435022463,0.0
5.93533363249,4.45807760326,0.0
6.91128792504,5.81816052848,0.0
4.58869054319,5.62852389903,0.0
5.48949554337,5.10526151333,0.0
3.24633708554,4.96574763638,0.0
3.68560381707,4.65634464317,0.0
6.1655281396,4.90093212017,0.0
3.40611394507,6.8613531402,0.0
5.22150796711,8.20353654672,0.0
8.21568448268,6.73842845346,1.0
8.44587898979,7.18128297037,1.0
4.54361661202,3.78494268665,0.0
5.89294174309,6.56085972498,0.0
7.05243733347,5.84423958484,0.0
7.52061187537,3.39934753941,0.0
5.94380529526,5.84603736059,0.0
5.47207989247,6.87608118653,0.0
5.91582906943,5.10699167504,0.0
8.47773518744,3.83892952184,0.0
4.39050896178,5.10189373701,0.0
4.6445246916,5.32517233362,0.0
6.7142989695,7.42568374474,1.0
4.21862478984,5.91263815155,0.0
6.45462120326,4.7267223692,0.0
3.59503017413,4.78685999577,0.0
7.30057371417,7.79003151042,0.0
5.81617139422,6.82312850505,0.0
6.20406587519,8.1335855718,0.0
5.97099933436,6.9216878118,0.0
8.06777571499,7.45128875589,0.0
4.60044598708,5.26616693398,0.0
3.77762489899,7.59212364074,0.0
8.57049778843,10.500017485,1.0
4.64916524587,6.32026606473,0.0
5.61009563572,6.55807439499,0.0
3.44692942592,5.7579892486,0.0
5.04681825003,4.02148496042,0.0
4.31567196488,7.27606471449,0.0
5.99801477543,4.79472988815,0.0
4.25639440617,4.55191144689,0.0
5.07317741719,5.87365736537,0.0
4.76919515972,5.34777978963,0.0
6.18648989808,4.14575425226,0.0
8.40633369119,7.20304880391,1.0
7.80389056968,6.52356845761,0.0
5.95379396565,6.30348919316,0.0
5.8739294602,6.65220659617,0.0
6.41417518751,6.74835668431,0.0
4.47702206666,4.25927057593,0.0
4.64744280922,8.90183538644,0.0
5.294951451,5.90634623552,0.0
5.18627435283,4.84417569935,0.0
7.03747252333,8.39516814328,0.0
8.15770457583,6.87799883591,0.0
5.0905160735,5.23014011048,0.0
5.95432239865,6.22008897161,0.0
5.76782105797,4.27199178258,0.0
4.79785743671,4.40861325765,0.0
4.14795266839,7.46957911963,0.0
6.86138723686,6.31217671645,0.0
6.03959117953,6.41530297743,0.0
3.26345379515,5.80699499531,0.0
8.2486253506,6.29580315409,0.0
5.09382070834,6.03397010108,0.0
5.26994915803,4.80034600761,0.0
9.01179659485,5.67679366319,0.0
3.23400717652,5.71444449811,0.0
6.54397691051,6.27933034084,0.0
6.74954416841,6.19577810703,0.0
7.84084677216,5.54726404582,0.0
5.92766184005,3.93168288064,0.0
5.45003572067,6.91586712267,0.0
6.83354239951,5.52522780803,0.0
6.93961521115,7.98657743207,0.0
5.71180953033,6.25226014288,0.0
6.40482301632,7.47337876596,0.0
7.02776217965,6.12461064285,0.0
7.08235548467,6.58705180828,0.0
7.1462288586,6.61401800816,0.0
4.68062345536,6.39340873617,0.0
6.61466132806,6.24923430676,0.0
6.30890333238,7.70838485452,0.0
5.55801986883,5.90828738578,0.0
5.2322332669,8.05885324984,0.0
6.38038825075,5.7216227927,0.0
7.58924407539,9.06630056131,0.0
5.98952878179,5.07138689842,0.0
4.80531221002,7.85159659764,0.0
9.97196497871,8.31348384619,0.0
5.63085549271,6.97210180402,0.0
8.24956078478,6.74908148054,0.0
8.56607680764,4.13148725321,0.0
7.11602457828,8.05235963315,0.0
7.94237300817,6.08852434719,0.0
8.59720974387,7.67906786051,1.0
5.18012278082,5.96279881361,0.0
4.97202778046,6.52128848351,0.0
5.94867831261,5.84861185245,0.0
9.35945048827,6.44890231958,0.0
8.53355231628,6.30497888256,0.0
6.38302703211,5.02033103099,0.0
8.21996699085,6.61732600032,0.0
5.95794459432,7.3513050843,0.0
7.30602805691,6.47409044512,0.0
7.80017989594,5.48356194263,0.0
6.64486419554,6.17823576063,0.0
6.7438253967,4.39044344693,0.0
6.66226181125,6.44254775581,0.0
7.39456619238,7.75003079692,0.0
6.08354337218,5.24947850157,0.0
8.6489002841,7.26259453412,0.0
6.10154300866,6.36463662812,0.0
7.8900464694,6.01694864646,0.0
4.43435561153,9.36602038404,0.0
7.3633697246,5.54415507306,0.0
9.32814576854,8.86151733363,1.0
9.34554338425,9.12582932881,1.0
6.25623115244,5.15685119647,0.0
8.72100353451,6.54118816925,0.0
4.99664358396,8.97362061221,0.0
5.37130608262,5.60933109363,0.0
6.83087864146,7.45902678761,0.0
5.53556953477,5.55730024278,0.0
6.96286038212,7.5327229787,0.0
5.96639115831,6.61825530953,0.0
5.59492530599,7.79073427338,0.0
6.83106227614,6.10945338463,0.0
8.97652525419,7.87714529822,1.0
8.25586363652,8.27759434453,1.0
9.24904472412,7.0886890839,0.0
5.28480668389,6.55766497308,0.0
6.9643193617,7.58681082995,0.0
5.26691786269,7.21713164652,0.0
6.19489895389,8.6818728791,0.0
8.08645242636,7.22884459854,0.0
6.55359114109,6.79859945132,0.0
7.30284094308,7.2704085297,0.0
9.15169435511,7.4048605368,0.0
4.70319968432,8.52878463354,0.0
8.0416164343,9.31447472349,1.0
4.65105800997,6.80782388696,0.0
8.28063928292,3.67460348048,0.0
7.72510880012,5.37788293848,0.0
8.71689100749,9.69158971727,0.0
7.8405109017,6.58142210924,0.0
8.13582595208,7.70110155106,0.0
9.31111917074,5.72525091285,0.0
6.27205316172,5.58828920525,0.0
6.29228376331,6.60697017717,0.0
9.0364911384,6.51366061283,0.0
10.9286739608,10.4939495598,1.0
8.28869311111,6.62556597755,0.0
4.79694262961,6.60473321531,0.0
7.90175909674,5.76791216475,0.0
7.97756981119,6.31933773277,0.0
5.34954635733,7.31075479476,0.0
7.10657407035,6.80736399097,0.0
6.74301377314,7.17718981692,0.0
7.8326403548,9.60991122929,0.0
5.06817701382,6.63865167242,0.0
5.46825872725,7.54502423728,0.0
6.13582961617,6.10254954678,0.0
6.42887081331,4.26989327438,0.0
5.176681309,8.25132193268,0.0
4.17085957766,7.85362268051,0.0
6.12800347091,6.79039576054,0.0
6.80866084319,6.88294260546,0.0
6.9294919963,5.32715364823,0.0
7.03753089265,7.7640857141,0.0
5.33894143726,5.90167525777,0.0
6.51694377113,9.18384407093,0.0
5.73248876289,7.33732481903,0.0
7.79305105327,8.49284208239,0.0
6.46479028519,7.0884727275,0.0
7.49986575148,7.35661857883,0.0
7.89372043511,8.94820656801,0.0
8.19784051232,5.56426338085,0.0
6.80495516879,7.85515042995,0.0
8.37387930693,8.62799954143,0.0
8.4643427922,5.083134049,0.0
8.47459540482,5.47748658344,0.0
3.13133300228,9.07337863186,0.0
9.00890968384,2.7462463485,0.0
7.09518401542,6.21399436222,0.0
6.86821418786,8.18469952937,0.0
8.44305999792,7.01127320943,0.0
5.25075459003,5.48090537498,0.0
8.29753047957,6.14561821283,0.0
7.24326613252,7.093793243,0.0
8.20721410938,7.00352281285,0.0
5.39416178646,9.86457609575,0.0
7.72189005667,7.53868809167,0.0
7.87738194684,7.89811238471,0.0
10.7076220967,4.95529836494,0.0
7.69068521578,6.82731402657,0.0
8.18002878351,6.35038691102,0.0
10.5784118854,7.78994067569,0.0
7.90948237614,6.55871178875,0.0
10.0619970055,8.60282397578,0.0
7.86225582475,8.37910851533,0.0
9.27741663362,5.33124297749,0.0
10.6883694515,10.5051674865,1.0
12.2438960285,8.29772237233,1.0
7.81473422441,8.1171274339,0.0
9.63609904309,7.70638127971,0.0
7.24697886406,5.17945654215,0.0
7.35870893722,7.93488621459,0.0
7.41076485518,8.92643939569,0.0
7.56501456558,9.16411378128,0.0
9.37260687375,8.69101145833,0.0
6.53343519847,3.87850323528,0.0
9.53309567966,7.2172036181,0.0
6.50330263964,5.76002781592,0.0
10.4107648552,11.9264393957,1.0
9.30582123906,9.13958604247,0.0
6.31543510877,6.1296012037,0.0
6.61422968078,8.50851194723,0.0
5.4776919741,5.01169767629,0.0
9.87382169128,8.65180403887,0.0
4.52987725455,6.37014870896,0.0
9.02082392849,6.87431836962,0.0
4.48254164715,6.33348763193,0.0
7.39588912057,8.56388630356,0.0
6.03567486463,4.5402085139,0.0
9.6473798584,11.5416621249,1.0
9.28834027979,9.99205779246,0.0
6.71831885223,10.502698925,0.0
7.111339156,8.81285539748,0.0
8.25886023079,8.6568124722,0.0
8.56391407793,6.66216575917,0.0
7.03006810194,10.2533598446,0.0
7.24676980836,7.90911327565,0.0
6.58818533172,9.82133882851,0.0
9.12790395687,8.92229135398,0.0
5.44735185276,12.0936257674,0.0
12.3542822231,13.0579997358,1.0
8.06043439492,6.32117974424,0.0
9.65878447708,9.70033415264,0.0
9.32635563764,9.15726392023,0.0
9.80560633874,8.62914962666,0.0
8.40441107079,5.2168556157,0.0
9.55036139923,12.3690401733,0.0
7.9704737756,7.00363518292,0.0
7.64148690067,11.5483631235,0.0
5.53250379312,5.37327672267,0.0
7.56085501342,9.14794563632,0.0
10.1092589644,8.15608184268,0.0
9.3586559066,8.96006137523,0.0
8.36790616336,5.477438449,0.0
11.5398646754,8.25714388851,0.0
11.3348129658,7.51461984047,0.0
7.97310211435,9.83791727972,0.0
9.80867680377,9.94408143171,0.0
6.63445073668,6.26277954326,0.0
8.49597532367,8.40447737744,0.0
12.8871088611,9.12421058821,0.0
6.31155481802,8.05684977544,0.0
8.36867388785,7.41061125124,0.0
6.57808038913,6.89556964932,0.0
3.71880755004,8.16499812238,0.0
8.78912824117,7.14401835898,0.0
5.90587024453,8.95668606133,0.0
5.84186506107,8.76989322857,0.0
9.14837906699,8.02292225088,0.0
7.42962846099,5.94355300246,0.0
9.39542831398,10.6880371003,0.0
6.8147208997,8.91690998149,0.0
5.3665898393,9.01785764255,0.0
9.9222508896,6.91973545182,0.0
7.16966359875,4.4974642009,0.0
8.94703093314,6.08086458025,0.0
7.10394370425,7.23401073763,0.0
6.89229908434,7.85185449464,0.0
7.41800535893,10.7882972775,0.0
6.64812555209,8.68363545669,0.0
6.36880084301,7.72406035824,0.0
5.43467473372,9.36014139302,0.0
7.09011078554,10.1702654952,0.0
8.4854448484,7.21360138591,0.0
9.08448860403,9.88671305259,0.0
9.77838826741,10.6333536365,0.0
12.3078090358,8.62706453782,0.0
6.92294612603,8.76300574878,0.0
7.92158394584,7.94825295595,0.0
5.35961711021,8.08625955141,0.0
8.57713234237,4.79199255212,0.0
10.1322841532,11.1388972469,0.0
8.65174922545,9.99711142848,0.0
9.42075904224,7.14970684405,0.0
7.99790164154,9.23114376811,0.0
6.43537329271,8.90454975379,0.0
7.71668032569,11.0454420072,0.0
7.35001553345,8.04156542945,0.0
10.6783496554,6.349621682,0.0
8.67035344496,6.39802568308,0.0
5.36968011981,7.88892116589,0.0
8.62544423903,11.1446852851,1.0
10.4355425307,9.17481139067,0.0
9.58342551235,11.9951867454,0.0
9.6957909794,9.29734258269,0.0
8.51719152668,8.44774717845,0.0
6.84283099145,6.52174469345,0.0
8.09982426482,8.59547659819,0.0
8.78502694247,8.23637736048,0.0
7.09761823602,9.17931039739,0.0
10.16617077,10.8869507144,0.0
8.24492539944,6.05261679833,0.0
12.8697608574,15.2815220905,1.0
7.41025310076,8.15750115268,0.0
10.6821416906,6.9491390606,0.0
8.26053768844,8.64862111138,0.0
8.43541983319,9.95314340692,0.0
6.45131712963,9.68889141428,0.0
9.78930558279,9.35711134379,0.0
10.7136067317,6.96496801542,0.0
7.79857155658,6.88717678672,0.0
10.0275910517,6.89357243338,0.0
9.84672604101,9.19303999384,0.0
8.79552669434,9.96046597159,0.0
8.53890299487,7.77882336343,0.0
6.75500726086,6.60299601165,0.0
9.78570067772,8.55396560514,0.0
8.20514886745,9.4452934727,0.0
5.01158959944,5.73720241114,0.0
6.0846771743,6.72620525652,0.0
7.16302410144,9.2866445073,0.0
5.76111856003,7.71494069999,0.0
6.66422259998,10.6287032614,0.0
11.9588780074,7.46349451529,0.0
4.33109240744,8.60903068424,0.0
4.74301998193,9.57363737222,0.0
10.6585153447,9.27685009661,0.0
10.7746133686,8.24879833771,0.0
10.2222515351,10.8547733979,0.0
7.84134517491,10.9329843579,0.0
8.04113521796,9.65546777829,0.0
7.4372596131,5.95674689447,0.0
7.94550172053,8.98017666698,0.0
7.28754350003,11.6741760392,0.0
8.98236182777,12.0183618214,0.0
7.38801618884,6.37668325426,0.0
9.12336774089,6.58625456552,0.0
8.22601783173,7.78972646964,0.0
7.91155181381,9.07696164102,0.0
7.9960554998,9.90631237664,0.0
10.0740122269,8.28458920455,0.0
10.7501520492,11.3853795052,0.0
10.2083510047,10.5638889333,0.0
9.32686251696,9.16230211128,0.0
7.25023290371,10.9926852041,0.0
11.5045405492,7.77604882927,0.0
10.3355188616,7.64510639768,0.0
7.92290171476,7.90793147951,0.0
7.57341715349,7.91726959419,0.0
7.9482693192,8.62327891846,0.0
6.39406883908,8.40766758523,0.0
11.9167766817,11.9578108561,0.0
9.08867602208,11.1037182961,0.0
10.6853457112,14.4277980116,1.0
9.82918164655,11.8427803927,1.0
7.28445210889,7.93565092505,0.0
6.54190953865,9.05544371427,0.0
8.27639580782,7.33616431162,0.0
11.8474025175,7.03383633754,0.0
10.1168985144,9.353069885,0.0
8.15951455408,10.6850485327,0.0
8.64901368396,8.2031373367,0.0
9.13611305507,9.95308174697,0.0
12.4620653754,10.1899808311,0.0
8.64069231436,6.78825241359,0.0
12.1047939295,10.2523540287,1.0
10.288966093,6.8161514909,0.0
6.944601921,10.5711906506,0.0
11.6178910974,8.80290061412,0.0
8.48845240712,8.95931233083,0.0
7.58628682655,9.52057788253,0.0
9.57658019967,7.56284174587,0.0
8.63733422131,7.88090130581,0.0
5.83191599832,9.92692768867,0.0
7.41587316199,8.73332928697,0.0
7.66995876938,8.65827988724,0.0
10.3731457812,5.95161899045,0.0
10.2185421093,8.87567099118,0.0
12.3341519905,8.67504600443,0.0
11.7237873048,9.84330372576,0.0
10.2515880191,7.73469707695,0.0
11.5216915464,10.3630920982,0.0
10.6624013408,8.92525203095,0.0
11.5613962713,10.2822556063,0.0
6.38708114071,7.82071312567,0.0
7.77265755062,10.2264968106,0.0
15.2451506771,13.3646670981,1.0
8.54815975094,10.8673557035,0.0
10.9299674695,11.0337286555,0.0
7.91891581338,10.1029074142,0.0
13.492079204,7.19084556349,0.0
10.9634674779,8.72632843237,0.0
9.69635612406,8.91867237211,0.0
11.8063842389,8.53100749509,0.0
10.4536993844,8.25764869702,0.0
9.931047741,8.87533427637,0.0
7.4969152509,9.04144939625,0.0
14.5131153478,12.2759763022,1.0
7.89971102093,4.90462216301,0.0
8.29072980956,8.22951781599,0.0
11.6338659652,10.0459579563,0.0
10.1270543309,13.0186139751,0.0
9.62380168511,9.90751617616,0.0
8.86430453038,9.47203477838,0.0
9.79735725025,9.89093089257,0.0
8.98727998067,10.2245566718,0.0
9.8117966892,8.62076089045,0.0
12.4978463919,9.03497153826,0.0
9.75345812004,10.7633971474,0.0
11.3320853537,9.28053575603,0.0
6.05716487178,11.0997441199,0.0
11.0836515814,10.4151078719,0.0
10.5518320504,10.6479059093,0.0
9.56270555514,9.04674859744,0.0
5.653863677,8.58022580204,0.0
11.3731087298,10.3656000496,0.0
10.817255973,10.5909360067,0.0
8.52558435995,11.2986730706,0.0
11.7609289116,13.3634766263,0.0
9.12002101322,8.22803325737,0.0
10.7748759361,9.45158685347,0.0
9.00344599945,10.2963959066,0.0
9.24819016643,9.56953094221,0.0
10.3183227695,12.18311939,0.0
12.0135650438,11.237160808,0.0
6.24683126594,10.8508050714,0.0
10.9073057394,8.61008846844,0.0
10.7237967538,10.1198826784,0.0
9.72949830791,10.1021791252,0.0
8.67747171891,8.35727827021,0.0
9.22882449092,8.88976237737,0.0
7.42815085364,8.19146549666,0.0
7.11329958496,8.40268876691,0.0
8.49442289327,13.1338352832,0.0
9.47146624139,10.1217641077,0.0
10.5728883518,10.2354344625,0.0
8.84016636677,9.31450567094,0.0
7.78060685828,8.88260535877,0.0
8.52869034943,10.4882776864,0.0
9.63517894985,9.30020913382,0.0
10.2909964375,7.30029428221,0.0
9.53764070948,13.1277504241,0.0
10.2421850117,9.23071802389,0.0
9.44150064133,9.1336251262,0.0
9.03877405796,10.8313209657,0.0
11.3571472161,11.0402449637,0.0
10.3733559144,7.48855755417,0.0
7.56291624369,9.32103040582,0.0
7.86754669257,8.79976935085,0.0
10.5717861936,10.3446321469,0.0
7.42006902686,11.0794946394,0.0
8.09455774361,12.1923354546,0.0
11.0541637037,12.2455602768,0.0
10.2530355649,9.23323007186,0.0
9.82938098977,10.6835888422,0.0
8.55702364015,8.71437598532,0.0
8.38430369088,14.0870854333,0.0
9.67912894619,8.57374892793,0.0
10.8656532308,9.20932809388,0.0
12.6102852742,11.8125539237,0.0
10.2722257595,5.27749857235,0.0
8.71270699648,13.5982885048,0.0
8.68021623832,8.34220346528,0.0
8.4172876139,8.91924287059,0.0
10.2568571159,11.9815120795,0.0
13.8742739157,11.329000363,0.0
14.2210979362,13.0324319679,0.0
9.16088085304,11.1656176235,0.0
8.57756520425,12.9845600306,0.0
13.1896817671,12.903336849,0.0
8.77142636593,6.39176909289,0.0
11.0232171291,11.5580470419,0.0
10.5772903565,9.62886060641,0.0
9.06790056339,7.13689320172,0.0
10.3500938667,9.91294960291,0.0
10.7125837351,8.74737244636,0.0
9.41420919398,14.9762468524,0.0
11.0438765846,10.2086652139,0.0
10.8931740541,8.73875784504,0.0
10.0297702865,8.16635638292,0.0
10.8480587409,11.548384731,0.0
12.5176345656,11.1543422546,0.0
10.1345281962,8.68303964848,0.0
9.88139884272,8.91358433617,0.0
12.5393150971,11.3376348974,0.0
11.9238193956,11.7012432645,0.0
10.3883587209,10.6606222559,0.0
12.4896938255,10.0277622454,0.0
16.3340482893,15.1323680896,1.0
10.3368076027,9.70050709807,0.0
9.29910225532,10.6383388812,0.0
9.45396708853,12.6608754909,0.0
10.3526842391,10.8408219022,0.0
8.37981188445,10.3163667545,0.0
11.2334108217,9.56069086412,0.0
10.3111622719,8.33823882763,0.0
12.8901219764,6.57207323008,0.0
12.5070212867,11.3603268355,0.0
11.2176063182,9.96527864911,0.0
13.1200968902,14.4593335161,1.0
16.7111166113,10.393067865,1.0
9.89559040596,12.5064723514,0.0
9.05180490023,8.07615572805,0.0
11.5359907949,13.6515279507,0.0
13.9251747704,12.51541326,0.0
7.43689969767,12.860443059,0.0
9.61624680395,11.1793302426,0.0
8.9810447121,9.72957063466,0.0
9.11616202587,11.1084151195,0.0
7.18296077198,12.4434987351,0.0
10.9169037521,6.69461914152,0.0
9.88881818662,10.31367873,0.0
11.8261180223,10.4936898384,0.0
12.6685669001,13.0471517397,0.0
9.18905169172,11.3018506719,0.0
9.57903415864,11.0767499087,0.0
12.9932591728,10.2187616303,0.0
12.367046576,10.4048392432,0.0
12.1616401821,11.9332182196,0.0
8.43253607374,12.3250081061,0.0
13.5529561332,10.268921821,0.0
17.4259394794,14.1419051673,1.0
9.93183773689,12.042414868,0.0
10.5663408639,11.5012340615,0.0
12.7948540305,9.6794479733,0.0
13.9208876644,10.1398420412,0.0
13.9538796147,11.7282449993,0.0
10.5289241524,7.61368391922,0.0
10.9253023748,9.5161697685,0.0
8.80024942296,12.7767051531,0.0
12.6906049399,8.8548902571,0.0
10.2918746591,9.92210426006,0.0
16.5893226778,12.753607995,1.0
12.0451823408,9.06050686803,0.0
12.9781543946,10.4084529236,0.0
12.3230262081,12.7776172262,0.0
12.0051648336,9.24102784868,0.0
11.8603998058,15.0914252715,0.0
10.3481041885,7.46314997237,0.0
13.4949143003,10.1166289967,0.0
7.27067162205,10.788499682,0.0
10.7247063382,13.7833265219,0.0
9.78588551429,10.3580625873,0.0
10.8204292625,15.2530451657,0.0
10.7160970342,10.1697399119,0.0
12.9878151293,9.53283209828,0.0
8.90683406411,11.2661283301,0.0
8.71542341034,10.8339939183,0.0
10.2790375645,8.39236294196,0.0
10.4052092874,12.3406696897,0.0
10.5434085477,11.5712670195,0.0
9.46926307348,11.9071520996,0.0
12.3664046748,12.3571498602,0.0
13.5193804903,10.8019050579,0.0
10.4221355418,8.75816175766,0.0
7.91374654535,10.2575790096,0.0
9.00816882139,12.4887958865,0.0
14.8233275831,9.05179155471,0.0
11.0210941839,9.28027249282,0.0
11.7995307625,10.7807053153,0.0
14.418569211,11.9249294684,0.0
7.63085617822,8.84168105085,0.0
7.63239258513,8.17782334835,0.0
11.0260937631,12.1939993584,0.0
8.68848035296,6.76008109996,0.0
10.8593979931,9.57336162819,0.0
12.2897744414,13.6263729713,0.0
8.88944165177,8.1305311882,0.0
10.9153044016,9.51536798944,0.0
10.7385807794,11.2322875851,0.0
10.7258625631,13.2380363896,0.0
8.89701362536,10.7343491836,0.0
8.70624114668,13.66745424,0.0
13.4682553497,12.2537662168,0.0
13.494088672,8.41914398605,0.0
12.1826222397,8.47921339352,0.0
8.71127081906,12.4935647996,0.0
11.6503618762,12.4498460383,0.0
7.35999801097,12.8916086845,0.0
15.198579871,11.1783633181,0.0
12.416322083,13.5157268374,0.0
9.16523452363,13.5454440169,0.0
11.1749262768,10.5187547353,0.0
14.6035253273,13.1701099267,0.0
13.6933810191,8.48734616873,0.0
11.3312309857,12.7930563811,0.0
9.58212936855,14.0340950186,0.0
5.58853277786,12.0434850781,0.0
9.80449862517,10.3471770955,0.0
11.0535722505,12.7207687721,0.0
10.6660334639,11.1958719206,0.0
10.1543503376,8.97310299876,0.0
8.53585155064,12.6648641104,0.0
13.7148363053,12.8324147526,0.0
10.6728384621,9.90097644886,0.0
9.22600995635,12.1608868783,0.0
15.0779086581,9.06482594548,0.0
11.6452871657,10.9465180726,0.0
13.7755420531,11.5965961966,0.0
12.7672622367,10.3781627777,0.0
11.2714595624,10.7055545124,0.0
12.4790706103,10.2932717464,0.0
12.8752392952,13.663265892,0.0
8.07608057812,9.24349420496,0.0
13.8470328603,11.5007023794,0.0
12.7258405753,9.42051195187,0.0
11.3463652449,10.1081502504,0.0
8.47880510125,10.9128433254,0.0
12.2349532341,10.8928966548,0.0
10.9283239461,15.1926128845,0.0
10.8875591178,12.9775048098,0.0
10.6631068041,10.0485895634,0.0
10.1103216287,10.2847274877,0.0
14.9863394242,17.0762851162,1.0
9.22802036865,11.4740768284,0.0
12.0911875518,9.35530300932,0.0
13.1832414795,8.91356539316,0.0
12.7416911034,10.1919880593,0.0
13.0905267782,9.66920006584,0.0
13.1601889935,12.6899779292,0.0
14.2855592272,10.7917437158,0.0
14.0894474377,12.6353268929,0.0
11.3943409907,10.6197707128,0.0
14.9897576939,12.6899691567,0.0
17.2832946192,16.8130835548,1.0
15.5174466163,14.7428763384,1.0
13.0206274604,7.80080304139,0.0
13.5967542229,10.0641523637,0.0
6.61682458579,9.21541193087,0.0
8.36536425595,10.6659221929,0.0
11.399319039,7.20281730541,0.0
10.7359323012,9.67336343282,0.0
14.8113276907,12.2480422143,0.0
13.4219015229,8.98387930884,0.0
13.0055862313,9.79149715203,0.0
9.88447923745,14.6946202685,0.0
11.2786235118,14.7550922537,0.0
11.7697400009,11.3888876381,0.0
12.1971740806,12.3167224011,0.0
13.672341362,14.3309184144,0.0
10.21797245,10.3365793093,0.0
8.61483168436,10.070237138,0.0
12.4862548227,11.9079218336,0.0
14.2069683634,12.0516503887,0.0
11.6146340049,10.817983577,0.0
9.94147701873,13.6205516694,0.0
10.7063123735,13.1104117249,0.0
15.5406976843,11.7253911267,0.0
13.0306648703,11.9548482865,0.0
11.6411139042,9.49174275644,0.0
11.3517377737,11.7147807688,0.0
10.375675341,11.698320315,0.0
6.33270077959,13.620267904,0.0
10.0031578764,14.2673121967,0.0
11.7224579599,14.1415973927,0.0
10.3910602918,12.6720831102,0.0
11.9496799475,10.2897683919,0.0
8.29465471701,9.99716936324,0.0
15.3624143244,7.30969525494,0.0
13.3433556778,15.1348964187,0.0
13.839386732,11.3021376348,0.0
6.94835087178,13.73147631,0.0
12.7979015215,14.0960401712,0.0
7.90641910859,10.9204048906,0.0
9.95447786055,11.6139144521,0.0
7.74463112626,11.7327543834,0.0
14.4196974216,16.6499805825,0.0
15.6206262661,15.0284053574,0.0
11.97688302,9.42926562607,0.0
11.7598535587,14.6415324788,0.0
14.6398936214,12.4921320349,0.0
8.71656428272,10.3202363476,0.0
11.2775948748,16.4697941522,0.0
9.99889651237,10.9544179005,0.0
12.4962908727,12.4401955009,0.0
7.41546158457,13.6281212091,0.0
14.0424684507,12.7792677187,0.0
11.8801255101,9.32398816731,0.0
14.5634802704,7.08305702373,0.0
13.7430297137,12.207575366,0.0
11.5286685402,11.7757972143,0.0
12.2690560455,11.0502892072,0.0
9.31360434576,12.6746339082,0.0
14.0678353589,8.84077329318,0.0
12.3068761415,8.69000159217,0.0
9.91561626419,11.2795861652,0.0
13.4968189105,12.9453468933,0.0
11.7869504897,12.8086381158,0.0
12.4405798664,13.9872513772,0.0
16.5891967019,13.8600159198,0.0
14.2457039808,11.5645566448,0.0
15.9149968673,12.8609047801,0.0
12.6374957467,13.4718732147,0.0
8.4362348053,13.6855888407,0.0
12.8623621407,12.1172094107,0.0
13.1517222883,9.62585503396,0.0
13.5448636884,12.0426799909,0.0
9.3640674103,14.183974915,0.0
10.6950114857,15.1014689917,0.0
9.84807786821,16.6471431139,0.0
12.6352590749,12.4327577896,0.0
12.3103885385,8.72056134561,0.0
12.303957822,15.2389914648,0.0
12.0709035446,9.59235408568,0.0
11.2211090159,11.1966326719,0.0
10.7284049311,11.0980535054,0.0
13.6536100559,9.68107436752,0.0
10.0967833868,12.9273625425,0.0
13.1375979649,10.8366739544,0.0
14.3129789161,10.8883524366,0.0
12.9483666968,12.1355157394,0.0
8.28313550222,13.9892524484,0.0
13.1125086476,17.8574263897,0.0
8.66883636241,8.80792337432,0.0
10.5491315333,9.74205388065,0.0
10.1333574664,10.0599682839,0.0
17.9895067337,14.0169710453,1.0
11.8828600797,13.1828721345,0.0
12.9264052722,13.6694859836,0.0
11.424895013,10.1649222999,0.0
8.0530801351,14.136666938,0.0
10.3801969887,10.0849462924,0.0
9.7569683865,14.1950544296,0.0
15.0813365052,9.91524710198,0.0
10.6491005265,13.7488030403,0.0
14.2917960921,13.9596706601,0.0
9.77910868839,13.014892575,0.0
9.93716671506,13.6916987057,0.0
12.5874313586,11.5973750709,0.0
14.91595122,10.911749799,0.0
11.794493045,10.6818049951,0.0
12.0944578733,10.9189407117,0.0
10.3370657421,12.7677889901,0.0
10.8287367229,12.5066244435,0.0
11.8685972419,13.0993881721,0.0
10.0675224265,13.099562103,0.0
12.5419115506,14.4245779837,0.0
7.90316900695,13.7444399636,0.0
13.6418681519,10.639889542,0.0
13.319830306,13.1649364855,0.0
14.1972360271,14.8202200235,0.0
9.59019281469,13.9635269759,0.0
14.9895222792,16.8581519748,0.0
11.5906767666,14.4965593868,0.0
7.42446854387,12.0558615393,0.0
16.0109360651,14.9766364366,0.0
10.8537692115,14.4070393151,0.0
12.3077121161,18.1489830727,1.0
19.3940653883,21.2626950839,1.0
13.3272155159,7.04612682468,0.0
14.6301623335,11.9987240055,0.0
14.9055148588,11.4734622066,0.0
14.0014234444,9.05943414472,0.0
13.312445756,16.3609734707,0.0
13.000489155,13.909334821,0.0
10.0679637332,10.7668506492,0.0
13.773089168,13.7948731366,0.0
11.5384893812,12.3717763185,0.0
16.9910852792,11.9769246498,0.0
11.6306138803,14.8692807922,0.0
9.59716633181,9.11471083743,0.0
12.6337648798,13.2864719034,0.0
17.746270762,13.9874133316,0.0
12.841959245,15.6228906181,0.0
14.3024019247,12.1635909474,0.0
10.8059250571,9.16402808185,0.0
11.2566865767,7.43388950481,0.0
15.6145197877,11.7598041088,0.0
12.3669642422,12.9034246201,0.0
10.9423670317,16.1169287432,0.0
14.7587713133,10.5201541967,0.0
11.2773780935,14.7250698017,0.0
14.0858484036,12.1105991826,0.0
12.0813588656,14.0350036416,0.0
15.7807673887,12.3547133635,0.0
11.954418598,12.3542683263,0.0
10.8617864818,14.5727616457,0.0
16.1327857336,14.340058168,0.0
14.322175967,10.6349448233,0.0
12.3858131511,15.0677849477,0.0
11.4296591601,12.5056539621,0.0
15.3929595237,16.8863004433,0.0
8.21136531112,16.7581317714,0.0
13.8397306621,12.3629540292,0.0
15.0231532794,13.6504991347,0.0
15.214466982,16.764933163,0.0
15.9343407211,12.4902240461,0.0
15.090699222,17.4708687111,0.0
14.2422349676,12.8165194205,0.0
14.0585841292,15.3101021443,0.0
13.7718139175,14.8948841003,0.0
14.1960372475,12.5229640144,0.0
14.3077486338,14.8551687568,0.0
9.43884813933,12.6429669922,0.0
15.7667128057,11.7944962511,0.0
10.8677447784,12.1994316178,0.0
9.3623496221,12.6587748127,0.0
10.7422772239,9.42378037068,0.0
11.8198878267,11.7939691797,0.0
12.5824277009,14.7224329938,0.0
13.1004417389,11.4074978106,0.0
12.6133650432,14.1405481816,0.0
13.7419349231,16.6415144399,0.0
10.7022676229,14.150376702,0.0
9.57969303969,14.8859556237,0.0
13.1123287318,15.4726270366,0.0
11.9508827147,8.81073084214,0.0
15.3589509763,15.7636003971,0.0
17.0121034463,13.8548572657,0.0
12.1321037729,14.267928547,0.0
18.1636261807,9.43807735848,0.0
14.9751875719,9.67631645621,0.0
13.1446757583,12.2238760137,0.0
11.2388260984,10.7001223486,0.0
11.4542661673,16.4473145359,0.0
13.6369461054,15.5252642803,0.0
11.139948665,16.3113978174,0.0
12.147922857,13.9033680768,0.0
12.8724611484,16.1789019425,0.0
15.5154720804,9.37060116615,0.0
13.1848437797,17.924710655,0.0
14.3665430126,18.9032799135,0.0
14.1985854597,14.2600945196,0.0
12.6594542472,13.1674917195,0.0
10.8703077328,15.7409003793,0.0
14.4981434419,9.64696065227,0.0
16.1104957095,12.5129778753,0.0
16.737242524,16.5631058469,0.0
9.34403978852,13.8707005977,0.0
17.2420299422,17.7500674145,1.0
11.3089342295,12.3928767561,0.0
11.1560836656,13.5294979443,0.0
10.6855397409,14.161003961,0.0
15.9958999058,16.1050177539,0.0
12.0424595454,12.9364805251,0.0
15.6701424779,6.75285081745,0.0
12.9032684629,11.8361167516,0.0
10.2050986605,18.1031314904,0.0
13.1019941844,14.9898801177,0.0
16.4425194888,10.9541912222,0.0
10.0152874972,13.0375022192,0.0
14.3139702553,16.3727416984,0.0
12.763155031,11.808674087,0.0
12.1186320095,15.6233003175,0.0
17.2852589696,14.6810518826,0.0
18.6035163153,15.4212471328,0.0
16.2431533497,15.9889788935,0.0
17.8414660894,14.1573843244,0.0
12.6962672145,9.34791174961,0.0
14.7035994503,13.0071294829,0.0
13.9232994122,11.5915145804,0.0
13.2477996253,14.1763622134,0.0
14.9788285095,13.2986106787,0.0
10.0783136063,15.3387270997,0.0
13.0637209665,14.8900279361,0.0
11.8250139757,15.3714917237,0.0
11.4946601219,14.6109665179,0.0
11.9339977344,16.0671859558,0.0
14.3064204654,14.1968860298,0.0
11.0544604078,11.0337156779,0.0
14.1282423557,14.6509134189,0.0
15.9579901483,11.6733311006,0.0
15.1969765596,19.5109591704,0.0
19.4281285972,11.6820690272,0.0
16.3357509514,15.5124213905,0.0
15.4129431876,13.8234499513,0.0
15.8773157652,11.3752876491,0.0
10.5732806229,9.81236623401,0.0
17.1192784401,15.188746676,0.0
14.5663291269,16.1050416118,0.0
16.0891060964,12.5740181617,0.0
12.8747482418,13.7097102663,0.0
8.10492712548,12.7841149563,0.0
16.3132945394,16.4247849622,0.0
16.5023752777,14.8987392963,0.0
14.0177608737,16.6584148116,0.0
12.2958971271,11.4541881444,0.0
17.1254433099,13.4947345314,0.0
12.4129290807,14.0951339949,0.0
16.9240288706,16.9135425304,0.0
17.5651640017,18.4001260261,1.0
18.7081766336,21.3488305714,1.0
21.8158590697,18.1851502913,1.0
12.8951738287,17.8839278902,0.0
14.3642319245,11.2850834904,0.0
13.6606411399,13.9546220052,0.0
16.2371338103,16.8465560904,0.0
14.7338384108,14.4295216712,0.0
14.135548805,14.9820957161,0.0
16.3873508567,9.54965051498,0.0
12.7014213641,12.2373580668,0.0
12.210858426,10.8320108429,0.0
10.6232132593,17.6214237738,0.0
15.3349008551,22.3331113695,1.0
17.5784998838,11.9091194803,0.0
18.468630516,8.45455328008,0.0
11.6582652163,16.7867850726,0.0
9.43580944729,14.8033916471,0.0
14.3259311212,13.7964566894,0.0
15.0977462624,16.3522709446,0.0
14.4663832492,17.6656923635,0.0
7.40353308576,11.5579985741,0.0
15.2541481096,7.53979918918,0.0
14.6641414994,13.9034596921,0.0
14.1686732738,19.5362554736,1.0
16.9152628875,16.0509145974,0.0
14.7594471225,15.7014573718,0.0
15.5235572358,13.2656733115,0.0
15.6671456054,10.4330474752,0.0
13.802519732,13.2983484411,0.0
11.9019480271,12.5817615449,0.0
11.0028226556,15.013983033,0.0
14.6741268598,11.802137801,0.0
13.6517633051,12.0830466649,0.0
14.727399537,17.0778433957,0.0
16.2263559123,14.494055076,0.0
13.3891042317,11.2791405495,0.0
14.8555027109,15.1172019866,0.0
18.0186981598,13.1398918492,0.0
12.9655257031,13.3566112583,0.0
13.9808824941,15.7537197974,0.0
16.1085515728,14.0838826285,0.0
11.437728729,11.6558658099,0.0
15.0855370699,13.6868754279,0.0
12.3689310588,13.0906434175,0.0
15.7114455118,15.3870257216,0.0
14.38590086,20.5768459321,0.0
13.6915599754,15.4742637548,0.0
16.492704706,15.2695850285,0.0
15.2464041357,20.9090524375,0.0
15.5381171556,12.6291093516,0.0
18.1079926727,17.5252314566,0.0
15.7169196748,14.7250519428,0.0
15.9137461482,13.6949539149,0.0
20.1437428334,10.5110891498,0.0
19.1817323833,25.3726774554,1.0
7.53946953201,16.835249577,0.0
15.1582256519,16.2798666659,0.0
15.6481389173,14.3181251357,0.0
14.3436845186,14.8291992169,0.0
14.61980711,14.6983992565,0.0
9.44077273405,12.4261592612,0.0
17.3943369955,19.2812814634,0.0
13.8538599379,13.8976410138,0.0
15.6994734421,16.2928547809,0.0
13.8341812174,16.5995122997,0.0
19.9748634834,21.0965044974,1.0
19.1603223501,19.6458370485,1.0
14.1977023584,14.6449968565,0.0
16.679654924,13.6472688474,0.0
15.5859121355,13.0451771594,0.0
17.288510747,19.5532167315,0.0
12.7320159185,12.2070839504,0.0
14.3797720865,13.350085378,0.0
13.4709916426,13.4124942586,0.0
19.4566797203,16.4892626571,0.0
14.343068803,13.2864989568,0.0
11.0001821566,14.540993244,0.0
19.3568649885,16.6089934233,0.0
14.7105875788,13.8146365417,0.0
14.0327760331,18.9730867392,0.0
12.3880128003,10.2222592545,0.0
16.7552261867,14.735370406,0.0
16.2811059568,10.5684375114,0.0
13.187528237,17.255886078,0.0
14.4045697311,13.3349742142,0.0
13.2757223912,14.5831276843,0.0
12.1161862976,11.7222084533,0.0
12.7848611122,14.4881465087,0.0
11.3725855984,16.5885500436,0.0
17.2565111301,15.5035991975,0.0
17.5632502915,14.4982876231,0.0
14.935320135,15.9778041695,0.0
13.4850346517,13.6548124193,0.0
16.0825446824,17.2191483793,0.0
16.4687349059,16.9034829182,0.0
15.6839693408,12.3955498933,0.0
17.4252664207,18.0902713889,0.0
