4.29493826196,5.41850890526,0.0
5.11530029404,5.19304113406,0.0
4.73753348055,6.87462267442,0.0
5.91958304644,5.91107212408,0.0
5.50227182716,4.6136576148,0.0
6.01128703489,7.05145518827,0.0
3.98338226355,3.63041527238,0.0
6.71136525415,3.61903626835,0.0
5.19917252899,5.92556546682,0.0
4.48249081986,4.08855309902,0.0
3.95260764069,6.35425297521,0.0
5.07337621168,3.94931735535,0.0
5.21472342668,4.85802187243,0.0
4.78876815261,5.6030022888,0.0
5.62867916058,5.89473216797,0.0
6.04843331368,6.72574095858,0.0
5.02145006077,5.94246352798,0.0
5.75984559781,5.25634539787,0.0
4.82643950041,5.34525196367,0.0
5.01567109047,4.80646889301,0.0
4.01252795013,4.91552375086,0.0
3.68233881952,5.75453995358,0.0
4.0940343861,3.36467454018,0.0
5.96633598546,5.91503360339,0.0
6.03526165978,3.12447267081,0.0
4.93369773013,5.05995994515,0.0
4.44944893053,5.71338492832,0.0
4.19348475523,3.94914542602,0.0
4.22925183265,6.87067255972,0.0
5.95313961018,4.90696993532,0.0
5.23122807357,4.99652024671,0.0
5.3055210681,6.74796568864,0.0
4.90884231823,4.60147749314,0.0
5.59574117167,6.19806065125,0.0
5.80845856764,5.43364130483,0.0
6.13671197867,5.80496076962,0.0
7.12432104715,5.04163488332,0.0
4.23743760508,1.75892943789,0.0
5.64042870079,5.54202240881,0.0
4.84976495335,4.86087394513,0.0
5.11550292059,4.74082814068,0.0
4.76124003747,7.22080368777,0.0
5.74589430186,6.35430757073,0.0
4.96005876189,5.41996751423,0.0
5.29580551535,5.31629982255,0.0
4.817056802,4.00839262177,0.0
7.75492233456,5.88185324712,0.0
7.47819418049,5.15234005394,0.0
6.28547170711,6.56873625816,0.0
6.79091714916,7.38463741955,0.0
6.47902147197,6.49951577917,1.0
6.00027275862,5.19160857839,1.0
6.52342077993,6.21912193538,0.0
5.21847844782,4.10225782232,0.0
5.02011846265,6.44198248626,0.0
6.31168691955,8.30894961967,0.0
6.97439530103,6.35685227521,0.0
6.51034680513,5.98061886632,0.0
5.02931577633,4.85963582661,0.0
4.62134414553,6.72348816104,0.0
5.81364758778,4.93694377713,0.0
4.70968469013,4.19621907096,0.0
8.19914017242,7.5815971466,1.0
4.6634808652,5.9083482208,0.0
7.99652509791,5.79354129162,0.0
7.45706914335,6.49501688952,0.0
3.12179649585,2.29785935667,0.0
4.41073419411,4.56324452166,0.0
5.24432825558,6.10851154398,0.0
6.02518016043,4.20313492141,0.0
7.31364460076,7.22793249095,0.0
6.68258358199,5.69207037488,0.0
4.17568447362,5.26401298396,0.0
5.67564525817,5.82815558573,1.0
7.14756818797,6.10610020407,0.0
6.34849774382,4.3703260962,0.0
2.94661507752,8.04276126634,0.0
6.46037090112,6.14987066671,0.0
3.70798213737,4.50978427769,0.0
4.87675055045,4.47477947551,0.0
3.61345306662,6.19845317462,0.0
4.46557894593,6.26801193174,0.0
4.96810922644,6.41708194945,0.0
4.95998274694,5.84674399267,0.0
7.40405346524,6.50843769719,0.0
7.69299820838,6.46742574286,0.0
4.78172575439,5.65017240796,0.0
5.35217388746,6.61963344283,0.0
9.36820990938,7.44838076101,0.0
3.77925170077,5.12271007926,0.0
5.16980019836,6.41954579589,0.0
6.38505137194,3.7590052483,0.0
4.32554851355,3.67593533389,0.0
5.00973401238,5.58117129843,0.0
5.66718930005,5.01757612039,1.0
4.69629979959,5.01136507601,0.0
3.89107887742,3.06666073429,0.0
6.33858981421,5.12675283074,0.0
5.94019614548,5.21617948482,0.0
6.05328701961,4.95011312323,0.0
8.13960926971,6.05988650074,0.0
5.00338987904,4.04414370816,0.0
2.80229820595,3.88043868415,0.0
3.53567131023,5.37011050128,0.0
5.31309556216,4.90641350055,0.0
6.0747046748,6.38976995122,1.0
7.43169189482,6.32851799844,1.0
5.64997670358,6.89151529575,0.0
2.72894415105,3.01628707742,0.0
10.2076966209,9.00822398182,0.0
5.59834344722,6.28705810523,0.0
7.31985348727,8.49997514984,0.0
6.40106940209,7.36089272074,0.0
6.45113483813,6.96793761563,0.0
7.31967962877,4.40399056975,0.0
7.48753246371,5.9556476813,0.0
8.60297459869,6.41610930478,0.0
7.06419026595,8.30572885813,1.0
7.04900566666,7.0438494126,0.0
7.45808912544,6.23250334879,0.0
5.54554508333,6.96457564939,0.0
6.91533487436,5.46463503246,0.0
6.76222796507,5.5982223777,0.0
7.77085103876,8.95680017658,0.0
5.44822873315,5.32458816891,0.0
5.99705553258,6.13725897992,0.0
4.71950241235,5.04078465412,0.0
3.5464940943,4.77633117351,0.0
7.03519825305,6.53726359409,0.0
3.6493771932,3.8790165896,0.0
7.61531690977,5.20579336943,0.0
6.54448138065,7.52042664695,0.0
5.67011324944,7.32909034503,0.0
5.10044947336,5.53780988959,0.0
6.71461097952,5.36646489936,0.0
7.49507358689,6.7254765515,0.0
5.26340684051,4.83055363045,0.0
4.2180789964,3.82674466826,0.0
5.32304553532,7.33207508797,0.0
5.65855452712,3.7668928846,0.0
6.01366738987,8.95992823642,0.0
6.93833629972,6.7717782966,0.0
5.78048885386,4.75046252051,0.0
7.14526217036,8.19819202238,0.0
5.07178465203,4.55453363819,0.0
3.91657054885,4.23191404063,0.0
5.47899488455,5.17044047694,0.0
7.87784768534,6.94006465899,0.0
8.66183725917,9.71476711119,1.0
9.39442277415,8.4566397478,1.0
3.61225227156,5.69603920357,0.0
5.66533683607,4.12231644344,0.0
6.64570605823,6.73994403568,0.0
7.15908874865,8.08355122318,0.0
2.91731615684,3.02968776093,0.0
6.07277183082,4.23748939171,0.0
6.62285290319,6.71950278145,0.0
5.11178943426,6.20722848562,0.0
7.82058856422,7.7942643884,0.0
9.59218624231,4.74839133391,0.0
5.67662880652,6.75953830243,0.0
7.11539159437,8.88874246293,0.0
4.49195738306,5.57407184583,0.0
7.31713865807,6.46762578619,0.0
5.55622467834,4.40860711899,0.0
7.92915219094,8.92229242279,0.0
4.36385678845,4.27445885902,0.0
4.75995409476,7.17422815805,0.0
3.5757808174,4.24433824301,0.0
7.78531565569,6.74430882199,0.0
8.37772654183,8.36001262509,0.0
6.82188743018,6.86187296621,0.0
6.5042525611,6.08530550038,0.0
5.51173260793,7.90294488864,0.0
7.00820906368,6.73892771305,0.0
3.92866048018,4.45458467477,0.0
7.07469940044,6.66726377269,0.0
10.5485295907,9.12387027604,0.0
4.95842686983,4.83436675564,0.0
8.80908439488,8.19983648517,0.0
8.11670411076,7.69775705004,1.0
8.62066061334,8.35137926271,1.0
8.94058587159,7.94592622402,0.0
8.49805345152,7.66341232348,0.0
7.05666594544,7.2267441913,0.0
7.45428967876,6.21748562682,0.0
9.13078717048,6.10536486605,0.0
4.65370621771,4.0159360989,0.0
7.62876397727,5.09391328302,0.0
7.5235311705,7.78229120617,0.0
6.68623737458,5.65529231599,0.0
9.58502608297,9.17910135774,0.0
10.141221124,9.306579996,1.0
8.13745612899,8.9073137566,0.0
7.32640251162,8.52869871763,0.0
6.69547743543,6.31049979073,0.0
8.40266428598,7.72571180303,0.0
5.21661855845,4.63213037306,0.0
9.76581474223,8.21659852989,0.0
9.27443237416,9.34041064005,0.0
4.58794581149,3.65805008505,0.0
5.04164706334,3.13553632625,0.0
3.90309878881,4.7084974018,0.0
6.88993861152,6.30545042613,1.0
5.71254825293,6.41506458937,0.0
5.55043983478,6.00130083723,0.0
4.89401569777,4.24201781177,0.0
8.51687657419,7.3690470445,0.0
7.51027550792,7.73126965634,0.0
7.23790857324,6.25064037978,0.0
8.22272164995,10.4665681975,0.0
5.77123256931,5.42094080509,0.0
5.35155705122,5.99716137437,0.0
6.03018679752,4.33016138987,0.0
10.2198152108,9.07198568109,1.0
5.6906146054,8.50985084837,0.0
7.49085159963,7.82990614759,0.0
5.93769065611,6.2586093856,0.0
4.65745415124,5.77851004317,0.0
8.85621037071,8.69014973329,0.0
8.22132909371,8.81124907158,0.0
8.28089740896,9.98653202941,0.0
6.30198048502,6.16260538058,0.0
7.60914240637,8.90994457441,0.0
7.04469902568,6.9277678307,0.0
7.38747932459,4.52191864315,0.0
8.77062701906,8.05422440127,0.0
7.1096535882,7.36507213851,0.0
7.17096941178,8.71580040101,0.0
6.50593076431,6.64391108202,0.0
8.27920951106,8.35987613703,0.0
7.96881499201,6.05302926229,0.0
6.68211767264,6.43007095493,0.0
5.59323383866,7.22279718234,0.0
4.07901269257,5.08449093075,0.0
5.69405577239,4.49488716383,0.0
7.36373613451,7.06190248841,0.0
10.698627704,8.69787305471,0.0
9.84935677847,9.54116349407,0.0
6.45468983535,8.36683034564,0.0
6.37896618143,7.84058151509,0.0
6.20466263393,4.79862144023,0.0
8.85574330881,8.86469943762,0.0
11.350769458,10.7944202994,0.0
8.1896046897,8.41059296078,0.0
8.24354421735,10.1556847276,1.0
5.55837350446,5.4450663327,0.0
6.0364992786,5.76888687718,0.0
6.02046284816,5.82554917348,0.0
10.0353607312,7.31482371246,0.0
4.4629391717,4.93474915753,0.0
7.16454761986,8.13761814635,0.0
9.43175070213,10.5636184624,0.0
6.00357084949,6.78498738908,0.0
6.37560732984,5.83466186699,0.0
6.71418022353,6.54826101617,0.0
3.41747017904,4.49549348125,0.0
5.05724257327,6.67062927339,0.0
6.77506495657,8.92358970969,0.0
5.90545960643,7.17278772236,0.0
7.59017264617,6.69904544677,0.0
5.86069871137,5.64252003469,0.0
7.05758141615,7.87445936113,0.0
4.52216581701,5.2893812876,0.0
6.85476727643,7.15787564088,0.0
9.00089707559,6.39450835096,0.0
8.41523941864,9.45302741823,0.0
7.79461890743,6.12000111619,0.0
6.67982889407,5.68486316248,0.0
7.64265486058,8.23717350242,0.0
10.2733588813,8.88007904957,0.0
8.00033557291,9.60789838551,0.0
7.43840546126,6.80737403614,0.0
8.83351718172,8.85988769987,0.0
5.7572229889,7.22289221879,0.0
5.18353953055,7.06825932928,0.0
9.30923415465,8.67820272953,1.0
5.47749346915,4.62038467839,0.0
8.02622435451,8.87738627939,0.0
6.60375133889,6.49535119651,0.0
10.0849486343,9.41975829389,0.0
6.4779430091,6.93228505663,0.0
6.64763941457,4.88347709251,0.0
9.04951653352,7.4467441062,0.0
4.81201669978,4.9298495895,0.0
11.1198929852,10.8364490404,0.0
8.73026606785,7.74706934604,0.0
8.41975390699,7.42354234404,0.0
6.47602748822,7.22717412295,0.0
8.12701113508,8.40237365917,0.0
8.04344631422,7.11691336795,0.0
4.99381601501,6.61447953898,0.0
7.15450007387,6.23348487775,0.0
6.65993816276,6.20267183193,0.0
9.1751920118,7.75186660268,0.0
5.17877837113,6.54188061929,0.0
8.33779470561,7.50275839231,0.0
7.1023167773,8.46541902546,1.0
8.84415026379,10.2146343269,0.0
7.70454794258,7.41047602177,0.0
6.67510306005,8.26265303308,0.0
7.01702886973,7.61341332653,0.0
4.11752709662,4.72104630668,0.0
5.27720771245,5.08478517719,0.0
11.1579643704,10.4502825357,0.0
7.98224144547,7.64582950654,0.0
10.0393169391,9.30991209474,0.0
4.5745242722,7.04524218415,0.0
8.90109276432,7.51342217899,0.0
7.33763134506,8.18726349274,0.0
7.78883589124,10.3057828538,0.0
10.3873527419,8.79426408957,0.0
10.8794075004,12.6726805873,0.0
10.5349108136,9.87427461595,0.0
5.7772456656,7.57386088232,0.0
8.70498785467,9.0934798975,0.0
6.90865899267,6.31641899293,0.0
8.77613924212,9.5860010052,0.0
4.75636144499,4.22281120947,0.0
12.3291516631,11.6212161298,0.0
8.51274190633,8.32257953805,0.0
5.70193146377,4.74700683305,0.0
8.62644118858,7.77416287035,0.0
9.28693803601,9.1056375247,0.0
5.99515696596,6.56543674096,0.0
7.50169247594,8.70380053563,0.0
9.45893107323,7.94874967769,0.0
4.50890925847,3.50701233708,0.0
8.57661577106,8.35808130548,0.0
6.67593073552,5.59837646201,0.0
5.71815162197,5.9521933426,0.0
7.82136477089,7.11856331679,0.0
8.02425440374,6.30095637599,0.0
11.061703619,8.50292596219,0.0
10.330625599,8.19539924119,0.0
3.93048166123,2.992538414,0.0
7.72936704619,6.88183327082,0.0
9.91746462706,9.84751128966,0.0
5.95532733436,5.01738408714,1.0
6.69978002918,8.39815237987,0.0
5.6610392329,7.13874185588,0.0
5.05376206746,5.55367660767,0.0
6.71237815667,7.6504503931,0.0
6.10663021754,6.43966760373,0.0
9.59823594398,9.45055875098,0.0
7.7774395742,8.96819015339,0.0
8.72106550228,5.65425915514,0.0
3.27341095772,4.25654400689,0.0
7.62697548395,7.71416036955,0.0
8.76176830986,9.69984054629,1.0
10.7704556555,7.70364930833,1.0
12.2812013849,12.1243539815,0.0
9.46142844574,10.5613504338,0.0
11.3929780234,10.8818544106,0.0
10.7541515639,7.76779858912,0.0
8.53910770149,8.14338444496,0.0
10.1954134162,9.47570075359,0.0
6.96103245433,6.85929014233,0.0
6.17484625614,8.12175107621,0.0
8.17363596917,8.31117708355,0.0
6.16756902284,7.17266706373,0.0
10.6127518368,10.2170285803,1.0
12.2690575516,11.5493448889,1.0
11.308134566,11.1562337743,0.0
9.17307675787,6.80193801123,0.0
7.82542495762,6.42458232486,0.0
8.88730314472,9.27066054232,0.0
12.4461948378,11.5193828268,0.0
8.92785421475,7.8487865079,0.0
4.97021046099,6.09536256599,0.0
11.2697766129,10.6288403326,0.0
10.0184765526,12.5708824679,0.0
8.3080392082,6.76565629977,0.0
10.1806303748,9.35259234306,0.0
8.70502069122,10.0293041201,0.0
7.5988943021,9.45418725911,0.0
6.70411766536,8.23620974571,0.0
10.3332516225,10.185416021,0.0
8.96635586526,10.886188076,0.0
8.09149865902,7.96866221775,0.0
8.68423454435,9.45130333925,0.0
11.4181731566,9.942102141,0.0
11.8645931729,11.217296356,0.0
9.7667919436,10.571356862,0.0
7.87012173768,8.7154851821,0.0
5.393846058,4.98354665923,0.0
7.52695447471,5.93311054704,0.0
10.7301606484,12.0812344841,0.0
7.47791325089,7.81516202353,0.0
4.8849250462,4.67741860558,0.0
8.65302415453,7.83881715517,0.0
8.03023578353,6.87888783398,0.0
7.46881462556,7.61813260047,0.0
11.9115530026,12.716117921,1.0
1.56344227999,3.9771729968,0.0
8.96969585272,10.7308632671,0.0
8.66173003389,9.22798686481,0.0
8.53348629184,9.30844303746,0.0
4.18856349198,4.82444465102,0.0
4.43138045939,5.48564123759,0.0
7.65849543616,9.99704511638,0.0
4.456382477,4.09385166491,0.0
7.21825283006,6.43117813137,0.0
11.9584912372,13.1064446391,0.0
10.7014346307,11.4763913763,1.0
8.83622669797,7.22504263597,0.0
11.3707041419,12.7230488519,0.0
7.35347933426,8.42322165797,0.0
3.59371437091,4.38698146449,0.0
8.82416537146,5.78404555167,0.0
9.82156437622,8.25885714383,0.0
9.78297492005,8.30572413027,0.0
7.77258585606,6.70250547001,0.0
12.5460238745,10.4848853101,0.0
8.32031081896,9.71903308948,0.0
7.21169925292,7.65491098943,0.0
9.15348288996,5.98193698982,0.0
8.13077319953,7.07325112707,0.0
10.7586697146,9.22228226324,0.0
9.00898406905,10.2116456758,0.0
9.27899376959,7.39663410371,0.0
11.074851441,11.4922196153,0.0
12.1519187312,12.1219773137,0.0
8.34648858622,8.66185001031,0.0
6.89985407748,7.26101484179,0.0
10.5600829483,10.8754443724,1.0
7.40349422019,8.09681592744,0.0
11.2734416627,11.4242210979,0.0
6.65896191174,7.70847552199,0.0
7.2767710456,4.53913627934,0.0
11.5857206056,11.9811597406,0.0
8.80239558206,8.83603005329,0.0
7.90516248443,8.9140236219,0.0
7.46993493095,8.38605810172,0.0
9.17253874316,8.93779364723,0.0
9.42748929654,9.28154415182,0.0
5.82573197452,7.83746050967,0.0
9.4011436201,8.27060320452,0.0
8.51568680178,8.05500989968,0.0
5.48260921473,7.97490167502,0.0
8.01653067873,5.84814511419,0.0
7.10304495915,6.48686055971,0.0
9.29459607225,9.18774569558,0.0
8.0824559746,8.95057662177,0.0
7.36111713385,7.02517307747,0.0
6.02769492292,5.2471335661,0.0
9.36136291728,8.74517851783,1.0
10.3407739327,11.2088945799,1.0
10.1452015532,10.937165482,0.0
10.6670884071,12.1800864262,0.0
9.91946735143,8.71926751113,0.0
11.3686487187,12.5480812676,0.0
9.54042943608,12.9030466767,0.0
8.8069787956,9.9728888244,0.0
11.8334452786,9.0192647082,0.0
6.96587257896,7.73084571851,0.0
10.3158035044,8.49420748005,0.0
10.7731159852,10.4071403933,0.0
12.5961543546,10.7745583303,1.0
6.39865436104,6.84014919019,0.0
13.1870529357,11.0211334135,0.0
8.86307274947,7.81990018024,0.0
11.6646107107,11.8730306786,0.0
9.93404089742,11.1567328913,0.0
12.5021236082,12.5937321087,0.0
5.38201572103,6.15356314947,0.0
7.81023629825,7.37461928645,0.0
7.3580416962,10.543080362,0.0
13.7621621744,14.1693892696,0.0
6.70608446445,6.93813358274,0.0
14.4251755276,11.819777334,0.0
12.4001020604,10.1171506516,0.0
10.0056745838,7.87962193679,0.0
8.17443889339,10.3159641544,0.0
12.5887584008,12.1416971249,0.0
7.15270970064,8.66940810127,0.0
7.91520439096,11.0535494488,0.0
12.4308000951,12.6328934936,0.0
10.9346966677,10.1841652854,0.0
9.02987447217,9.26192359046,1.0
16.7489655353,14.1435673417,1.0
-0.374302554391,2.30825996115,0.0
12.6946505154,11.003669687,0.0
10.1293332908,9.8241121566,0.0
9.08828079886,8.82738673544,0.0
12.9839503545,11.5907943847,0.0
12.4331693237,10.7096708657,0.0
8.2528736502,7.29782171901,0.0
11.5624543838,12.7453602956,0.0
9.12639060468,8.01764777889,0.0
9.45218826624,8.26887009848,0.0
10.9108843495,9.14394914294,0.0
8.81620136546,8.18917605388,0.0
6.1974038662,6.54902272278,0.0
8.42662205019,7.87766708094,0.0
5.58746037218,5.66100140571,0.0
8.42952540686,9.69700859527,0.0
7.04915514668,7.71986045697,0.0
8.85521058794,10.4540292012,0.0
6.26751655022,7.45716872238,0.0
10.2283181651,12.1385759248,0.0
13.2773162627,11.5103810562,1.0
8.56383577944,8.91545463602,1.0
9.79097237643,8.00202838784,0.0
11.0990198321,11.5886484336,0.0
8.73743864691,9.66703193497,0.0
13.6584433684,15.4174201742,0.0
8.19783936274,9.99880780593,0.0
9.53404424853,8.99685751804,0.0
9.97649728597,9.33357922542,0.0
12.4069996206,11.2766393022,0.0
5.82817339084,6.28749668969,0.0
13.1294855624,11.5643197739,0.0
7.38249960645,6.4478091028,0.0
8.66460336908,8.13831392267,0.0
10.9014233695,11.2405415943,0.0
6.99931909445,8.702141898,0.0
3.41209726391,5.10335186552,0.0
8.28411016521,10.2405029279,0.0
8.95729001452,10.1180613212,0.0
8.81500319169,10.6609323272,0.0
10.1921060672,8.26574481276,0.0
7.55633972879,8.01196164166,0.0
7.86054564733,9.02071352479,0.0
9.69672766373,7.40187320558,0.0
10.1925284936,10.7327271161,0.0
11.6476272095,10.3504043708,0.0
5.3568023973,6.2035867333,0.0
9.30972891979,10.5011407041,0.0
12.4540566273,11.5145161804,0.0
8.69318390203,7.78674351286,0.0
7.4239534778,8.71168682593,0.0
5.02290841625,4.649654254,0.0
11.2154394201,10.9552353395,0.0
10.1264775135,12.8144518071,0.0
12.5316399088,11.3002385867,0.0
9.39671891385,9.04489852144,0.0
8.87691579531,9.63811299297,0.0
10.2915214571,9.11327702217,0.0
10.2181677275,10.8747205589,0.0
6.97519563291,5.73850327751,0.0
12.537313911,13.397785929,0.0
12.1077859891,9.96706570915,0.0
8.90577321806,11.9888294127,0.0
11.080486271,9.71210398802,0.0
14.1740825879,12.7682687901,0.0
10.2053776406,7.82024526759,0.0
9.45235514293,8.76604249132,0.0
8.90996992806,9.04973222864,0.0
11.5662150908,10.0765677249,0.0
9.09799428025,11.9298778809,0.0
12.0109445492,10.5441905325,0.0
10.3725423665,9.6838704726,0.0
10.3129827349,8.05660587704,0.0
13.3528440937,13.1334429944,0.0
5.96309274736,5.47545271815,0.0
10.3052503074,9.59893290243,0.0
12.9346721735,14.13763176,0.0
7.50528929331,8.18552233133,0.0
9.19644707884,7.85151647689,0.0
9.89083031203,11.2180726348,0.0
8.32355573356,6.96438453706,0.0
11.0968832727,10.1008979024,0.0
7.44583689812,8.76881562252,0.0
11.0255896863,10.5434089086,0.0
8.21953406259,8.06596242882,0.0
8.37114002722,7.67850841619,0.0
9.66916534626,10.9744455828,0.0
6.27865454913,5.4030544451,0.0
9.91584108365,9.64286097771,0.0
10.6393344634,10.6371500321,0.0
12.4073956777,12.6671689724,0.0
9.95094044881,12.8101014839,0.0
9.95581697772,11.2787957021,1.0
10.6145904399,9.95576742602,0.0
12.8339101599,9.22689741513,0.0
10.4713964084,11.3429516858,0.0
11.906768295,12.6130827814,0.0
14.7210901248,15.3797772615,0.0
14.1923274956,15.182268158,0.0
11.7916777797,12.8675056962,0.0
12.5685740121,13.8339504006,0.0
8.61131922563,9.52167785273,0.0
8.92651760392,10.9702170829,0.0
7.21092162036,7.76720400785,0.0
15.53405501,14.6289266699,0.0
5.74379956641,3.51393259213,0.0
12.0910995317,10.953940632,0.0
10.0904985792,10.0497139473,0.0
12.1478674618,10.8899890261,0.0
8.20443913203,6.874768254,0.0
10.4852009815,11.7222063474,0.0
11.2244212365,10.5267396778,0.0
9.50426788487,8.36887710791,0.0
11.5321064326,10.7569435567,0.0
11.7222044578,9.74802829554,0.0
11.9601286818,10.8776138093,0.0
5.69867566567,5.9870997801,0.0
6.30326817255,6.30626690184,0.0
11.6088098755,10.0213290525,0.0
10.5625982424,11.8663834091,0.0
9.30623722483,12.865260748,0.0
8.87416922235,8.94843693048,0.0
13.6731009169,15.0317174003,0.0
14.1011529484,13.3259900724,1.0
16.7112248203,17.6969933108,0.0
13.337154083,14.1763490605,0.0
9.54910827732,10.0659069281,0.0
8.33100479942,9.38904297005,0.0
7.31016838478,7.6945553427,0.0
8.8563326423,10.0832839402,0.0
9.51597022293,11.6540872635,0.0
11.1153789491,10.7782332178,0.0
14.3785391021,13.3062399123,0.0
9.91699969056,10.899521622,0.0
10.1898663897,8.9154141449,0.0
10.6680186322,10.8251531404,0.0
10.5628670147,10.0980512707,0.0
16.695549075,17.7593362261,0.0
11.3485823517,12.0058428667,0.0
9.92323032018,10.3232806029,0.0
7.95485065577,9.57933237234,0.0
7.95669663612,7.64474524517,0.0
8.54926792664,10.5032649944,0.0
13.0784475506,13.3997737003,0.0
10.2880160739,10.0508526876,0.0
11.4713729998,9.66593632429,0.0
11.209295079,11.3542937882,0.0
11.6930074001,11.4667908339,0.0
8.74725840398,9.45108889988,0.0
11.432406184,11.35060179,0.0
10.1740958083,10.8054076418,0.0
8.64024833,10.4827288808,0.0
9.63191467452,10.223596677,0.0
11.7240954062,14.4031589909,0.0
11.2284989227,13.6803415717,0.0
14.3930823818,13.0445688186,0.0
11.8197202563,12.4472807054,0.0
11.3666403675,12.4012218457,0.0
10.6711550571,8.62512167152,0.0
9.52044015167,10.1959850048,0.0
5.96782568553,8.35297596957,0.0
13.8458633645,14.7339271576,0.0
14.6550215056,13.4024553539,0.0
8.06907055565,9.21327852403,0.0
14.0123916785,15.0469731568,1.0
12.3577825543,8.93174504329,0.0
12.1493938335,13.1484310395,0.0
13.8863974957,12.7930927814,0.0
11.783713312,11.5689867988,0.0
15.5035568766,15.2625106998,0.0
9.57893990418,9.28272172847,0.0
10.43033246,11.6157662206,0.0
11.0441926556,10.8596837017,0.0
15.2441053411,15.1551371955,0.0
10.4850855543,10.6007204319,0.0
17.90868786,17.8197197144,1.0
6.88913258788,7.3069732766,0.0
11.7482231363,11.1592662827,0.0
10.4645888433,13.8415173748,0.0
10.3745445096,10.368093452,0.0
7.904783521,8.09299370012,0.0
13.3822020747,13.3690575311,0.0
10.3926388819,9.26743834098,0.0
11.6807567,14.5059809416,0.0
12.5142146099,11.7358088986,0.0
15.160452111,16.2821928819,0.0
13.3883735947,12.7550171488,0.0
13.2681016456,12.1814754032,0.0
7.71855875705,6.76022248297,0.0
13.2508150688,14.2674268828,0.0
9.13710410302,12.272260757,0.0
10.398003947,11.3737393005,0.0
13.0649015191,12.2738465061,0.0
12.097970204,12.9572736747,0.0
9.91200249474,10.6106037289,0.0
11.6027162719,12.8471431528,0.0
10.5339675871,12.5114425599,0.0
15.7824485341,16.2627109757,0.0
12.8906119355,14.2714791774,0.0
4.78043110171,7.86548129657,0.0
14.1594640103,14.2020931734,0.0
15.0982631572,15.1504167182,0.0
11.4123361078,9.9734215139,0.0
12.7859347796,11.7715297613,0.0
6.3868057653,6.99076186295,0.0
13.7018190948,12.8119183786,0.0
12.1245322281,9.28177430404,0.0
9.29056657127,10.7145704,0.0
12.2428092062,12.0168344073,0.0
12.3367393729,11.9641192576,0.0
11.3144345065,12.1815300419,0.0
5.97636594514,7.70159856882,0.0
15.4065418791,14.443002499,0.0
8.62581147628,10.8739646775,0.0
11.3873039349,10.4745844016,0.0
16.8079783865,15.2285926485,0.0
11.4026539015,10.9242463862,0.0
8.83746507319,9.0667550891,0.0
13.9794121421,14.9373458613,0.0
12.7544316765,12.86877042,0.0
12.6304491396,12.9601325264,0.0
11.3802467873,11.2984813924,0.0
9.09902371985,12.6169656583,0.0
7.48868311548,8.4432984412,0.0
13.3629315002,13.0415660914,0.0
11.9551927499,11.5787766765,0.0
14.1594636519,13.6810561366,1.0
10.2454928659,11.2001081916,1.0
13.118965477,9.11282942921,0.0
9.13283951087,11.1363158791,0.0
13.3100394046,11.7609759996,0.0
8.41150205382,8.84154949311,0.0
11.5274513504,11.2916614852,0.0
11.2901742154,9.85385587949,0.0
7.3364307437,8.70765411463,0.0
5.61754892993,6.97860492765,0.0
8.96821332774,11.9010714775,0.0
11.0881978984,12.4123975343,0.0
14.1308063932,13.4811183548,0.0
9.84152062317,9.00800280247,0.0
9.66013964764,7.91564628365,0.0
8.0878255927,9.64878542274,0.0
12.8975965365,12.1245992681,0.0
11.7577354086,14.9923318979,0.0
21.8543101849,18.5537980048,0.0
13.3459988735,11.9535355325,0.0
10.1054798432,9.81036706599,0.0
11.5831972434,9.95199895028,0.0
10.8806736015,12.4416334315,1.0
13.8865104464,15.2854339832,0.0
8.37636133442,10.3218845637,0.0
11.3655702506,9.06264640796,0.0
8.66739449852,7.57136946337,0.0
15.8914884268,14.1509826404,0.0
12.8277385708,13.6138460876,0.0
14.6147797866,14.5352646271,0.0
11.2454899349,10.2114471291,0.0
14.0368738077,12.088825633,0.0
10.1467877855,10.965177116,0.0
12.3579115911,12.8101197737,0.0
11.1784811375,8.45417991135,0.0
11.0216149052,13.7670419754,0.0
11.6329976756,11.9152801779,0.0
13.3725841838,13.4181685666,0.0
5.25224949743,4.78808974312,0.0
17.1626566276,16.3735353565,0.0
14.9296878423,13.9718637088,0.0
14.0581622657,14.2555781799,0.0
7.99211190488,6.8402724229,0.0
14.4831163144,16.1284868704,0.0
12.8847293723,11.9162771688,0.0
8.56173262877,7.54481293472,0.0
11.3019164459,10.0240487608,0.0
11.1710643542,9.97174189048,0.0
5.24850724224,4.81351503787,0.0
16.4838209707,15.6703629845,0.0
12.7714244988,10.4406667881,0.0
11.1966294711,9.12333881491,0.0
10.4579717807,11.1829533329,0.0
18.0816416406,17.0668093396,0.0
15.3214032527,11.2082995857,0.0
13.9718474306,14.1058533954,0.0
13.136449187,13.248666213,0.0
12.9881333907,13.9264079367,0.0
11.4227913095,11.9180001401,0.0
10.4750129432,11.2089261045,0.0
12.2349934641,12.5214872303,0.0
14.185568831,13.0708318808,0.0
13.8422900791,13.2804926393,0.0
8.66229362462,7.85889450043,0.0
14.9461404686,13.0198525098,0.0
15.5653580993,17.8034524078,0.0
12.8103069109,11.7598612339,0.0
16.4063707478,17.1068910879,0.0
11.7289719445,13.6414843381,0.0
13.4976402317,12.717966199,0.0
8.85870360129,9.95623117767,0.0
9.60928980406,9.38259083362,0.0
8.85218758096,7.74839320018,0.0
9.50530122681,8.63025643162,0.0
17.3089291035,17.9752201765,0.0
14.4804180417,14.1553086316,0.0
14.5803748797,14.0972805044,0.0
14.2051303127,12.7220847162,0.0
9.76309827178,10.1290239084,0.0
10.7247424803,10.9415132431,0.0
11.1959940615,9.83763490379,0.0
9.22294278104,9.24069126418,0.0
7.85395926936,9.24017933022,0.0
15.7518069385,13.9844326116,0.0
8.62821792087,8.70969606521,0.0
6.69655760132,7.66997835202,0.0
18.201153848,19.539337997,0.0
12.9089652522,11.8579304768,0.0
10.7848162121,12.2032634245,0.0
12.6481478576,11.4266157359,0.0
13.2920673954,16.0037948883,0.0
11.9491885907,12.7620148101,0.0
15.2262730168,15.4670003927,0.0
18.1417489642,18.3824763402,1.0
12.1677356314,12.147613689,0.0
10.5041998394,12.4651546217,0.0
12.0153898998,12.7587070159,0.0
9.35155402947,8.93257385531,0.0
15.9665236105,14.527805973,0.0
12.9553563852,13.8913889327,0.0
5.528675925,6.82383792913,0.0
14.2460939542,16.2428222334,0.0
11.2221014161,10.7996727304,0.0
13.5500604948,12.0637807652,0.0
14.5912727349,14.8872445483,0.0
12.7766536771,15.6338961699,0.0
10.7221919843,9.88281407091,0.0
12.7697773647,13.3296094847,0.0
12.5754946157,13.9800932507,0.0
10.0532432503,10.2613044723,0.0
8.23447526691,10.7099700273,0.0
9.66036007347,12.1274694464,0.0
14.4892367011,12.968803727,0.0
10.9782300986,10.5576910943,0.0
13.002819491,13.210880713,1.0
17.4388129418,15.9183799678,1.0
14.1154598691,13.4011100852,0.0
11.0111468821,13.4691596517,0.0
14.4524088727,13.9300655624,0.0
13.9522977251,12.358122909,0.0
12.5588763778,11.5873507504,0.0
16.4836098661,16.558734924,0.0
10.3921311092,11.4084999474,0.0
8.70462667486,10.1059608053,0.0
11.6662038271,10.9806098414,0.0
16.6666133403,17.9668406477,0.0
11.9243644269,13.8497805829,0.0
8.63645166407,10.1055089928,0.0
14.5759257948,13.1825387728,0.0
11.1069756244,11.5863433859,0.0
12.1242854908,12.071361194,0.0
13.8736654222,13.2852173413,0.0
19.7820446671,18.6791782113,0.0
6.96097032779,5.83269869643,0.0
10.0352625379,12.822317812,0.0
11.2567111654,13.7978505715,0.0
15.1075722688,15.0546479721,1.0
12.7147648312,11.6212861315,0.0
17.1190170915,17.7138859055,0.0
9.03727911681,6.593195636,0.0
9.64604982982,10.1344525649,0.0
14.2802509665,12.5081453068,0.0
11.7387128774,9.46852385707,0.0
9.39270861471,10.1284415776,0.0
13.0397090173,13.8633233269,0.0
15.2783784369,15.4325042134,0.0
11.2688719984,14.0383746239,0.0
12.6133473696,13.8044087099,0.0
14.6597210085,12.3039682568,0.0
14.0251938147,15.6186878703,0.0
11.6979384028,12.7049894767,0.0
9.7635752139,8.86099628707,0.0
9.65787850948,9.50296220839,0.0
17.7212951893,15.6719755082,0.0
11.52638617,12.4471701039,0.0
12.5042746281,12.0783973741,0.0
12.9483364407,13.7535058002,0.0
17.0418144404,18.6353084961,1.0
17.8484691955,17.4156604204,0.0
13.2083553945,13.3689947973,0.0
14.5023198671,15.1429812209,0.0
16.5661500724,16.8793135832,0.0
10.8515575051,11.6806007386,0.0
17.1103027892,19.2399705438,0.0
13.8502383657,12.4653172371,0.0
16.0267443969,17.0493116141,0.0
13.7814779886,15.1757615232,0.0
14.9078954292,12.529402638,0.0
14.146211289,12.8982348046,0.0
14.0584148497,11.4506863751,0.0
5.2498599504,7.64691782257,0.0
10.7896105342,13.8021166479,0.0
12.75115553,11.0108985891,0.0
12.6343653613,11.216952137,0.0
20.8860341165,17.5940729042,0.0
15.2032987575,14.9265275044,0.0
12.5356967225,13.2328463161,0.0
11.7041382352,10.4558175656,0.0
15.8007456664,14.0604887255,1.0
14.2715616744,11.8359702805,0.0
11.7912962557,15.1445163292,0.0
13.6617413174,13.1484123974,0.0
9.35265610291,10.1118394724,0.0
15.2386018394,14.4007000686,0.0
16.4728669915,17.0499959981,0.0
13.7441654666,11.4280948601,0.0
14.7657243499,14.4001261122,0.0
11.0756981573,10.1108401206,0.0
12.6825774372,14.7911419505,0.0
17.4355572797,17.7854003789,0.0
7.06152742592,7.6029932792,0.0
10.6104769265,11.2543786419,0.0
10.5295852982,9.19225051348,0.0
11.8862901844,10.5010261051,0.0
10.1949579006,9.27945124713,0.0
14.9349803643,13.771569079,0.0
11.5797703733,11.7553394351,0.0
14.5174889989,12.6075933419,0.0
12.6469309328,13.8292465308,0.0
20.5177642812,20.8676073804,1.0
12.1387615204,11.9300223557,0.0
16.2689981938,15.0566022155,0.0
13.8767849979,16.3898306388,0.0
16.3441370704,16.5527881402,0.0
14.9926251717,16.2374574987,0.0
10.2985043717,11.0346238327,0.0
9.97042293906,9.93773798617,0.0
11.3615660083,10.7932066737,0.0
12.9361721993,11.8044199005,0.0
17.0742097481,18.1456595965,0.0
14.9669643784,10.362890666,0.0
13.3534817591,13.3138998875,0.0
10.0776384242,9.86650459115,0.0
12.7772124116,13.6118954292,0.0
14.4342885837,13.2617445806,0.0
12.3729943594,14.4097392349,0.0
8.03848646564,8.07331287484,0.0
10.1932471618,8.80606022293,0.0
16.0447759061,15.5625676293,0.0
11.5039558686,12.4612452301,0.0
11.1028203289,10.3461533499,0.0
8.96210913132,9.89351366976,0.0
18.1037937483,15.8709106577,0.0
18.3915880047,18.5500141172,0.0
15.2879160119,15.5903194567,0.0
11.7919815615,15.2292153711,0.0
11.8195956375,12.4789441234,0.0
9.50189754576,9.97391770592,0.0
9.31774621748,11.7376259247,0.0
14.4214431144,14.8554432848,0.0
16.7675215574,14.1769294641,0.0
16.1536421184,14.1754183133,0.0
13.144163661,12.3107620402,0.0
15.1612564569,14.8516263796,0.0
11.7544725393,9.26885993556,0.0
15.9779836799,14.8904145524,0.0
11.568128581,13.1054190824,0.0
13.9015185648,11.3671425886,0.0
14.0125634369,12.8254990513,0.0
16.4920222061,17.8220959853,0.0
19.913948102,17.3233560086,1.0
15.6165827099,17.3998817521,0.0
17.8186490013,18.8129667875,0.0
11.4278035795,11.7809751979,0.0
10.984504955,9.25457792616,0.0
13.7913816557,16.0834433782,0.0
12.8224663996,10.8048500685,0.0
21.324196512,20.1316122547,0.0
10.679146571,10.0862587739,0.0
14.4514956018,16.4522492482,0.0
14.6692024008,14.4655279285,0.0
15.8817624037,15.8661650795,0.0
8.38855727032,8.94375789362,0.0
18.7408638516,15.8498788633,0.0
20.0912912797,19.9996173512,0.0
13.9461439481,12.6120869529,0.0
12.6877142107,15.8138274675,0.0
13.0555741298,13.7375061591,0.0
14.25165175,14.6769704056,0.0
12.9025531332,12.7469323989,0.0
17.6235853738,17.2594956901,0.0
17.4297014664,17.855020122,1.0
17.4050532638,18.2956955579,0.0
15.3504525593,16.0826032414,0.0
12.8974758039,12.0738084484,0.0
16.8691739972,16.8213282933,0.0
15.3493398208,13.0446758646,0.0
10.2141406143,10.7164524007,0.0
13.3570457739,10.3108570106,0.0
20.2613813935,19.4649764711,0.0
10.5152632674,10.4192066222,0.0
18.2623933709,16.7169865478,0.0
19.3951305585,20.3331801474,0.0
11.2120161182,11.6397890076,0.0
9.26034635428,11.1141263265,0.0
14.5712807826,15.288698878,0.0
15.1503082895,17.073221636,0.0
13.2544859539,13.3129746421,0.0
19.4691360502,16.0519409623,0.0
14.2352744525,12.7476954403,0.0
6.32698264649,6.75048220938,0.0
10.2877580967,10.0904734567,0.0
9.53634395366,9.95984351655,1.0
11.6139292799,12.6013886972,0.0
18.1628441881,16.5741476286,0.0
13.3628331437,13.4201530077,0.0
12.7582634023,10.4101900321,0.0
5.93930981502,7.28847271192,0.0
16.4883575221,13.7354574537,0.0
6.07262623754,6.88321751845,0.0
12.974084559,12.4661369392,0.0
17.1336331566,15.8849632214,0.0
12.3516731392,12.3403170542,0.0
15.5765762385,15.5652201535,1.0
15.1236076494,13.1019113403,0.0
19.4594103225,19.2163153667,0.0
9.90210188222,8.65419731892,0.0
22.2559780191,21.0819366052,0.0
11.3667320403,10.303471205,0.0
9.17575035418,9.44818944102,0.0
11.6743092252,15.0145927046,0.0
10.3136877155,8.97800135663,0.0
6.3909691019,6.48779560952,0.0
13.6448131939,13.6156075784,0.0
10.9724896974,9.73560878543,0.0
5.81736164605,7.76159308438,0.0
20.3618907579,21.7473011387,0.0
16.8074221355,16.4303539984,0.0
15.5192712219,15.9048211098,0.0
11.1972099428,10.1949430111,0.0
15.9612386546,16.6220756616,0.0
19.161439722,19.7451486608,0.0
10.4197570202,9.27647137607,0.0
8.64013997915,10.1793048637,0.0
18.7750353411,19.160585229,1.0
13.2681267884,13.9401396506,0.0
10.7480147037,11.2156166926,0.0
18.1444715619,16.6340057905,0.0
15.571705554,13.5304338141,0.0
12.6462207667,11.7455819671,0.0
6.79725911962,5.18279253664,0.0
12.3330272072,11.5653461603,0.0
10.5910419709,11.7476776933,0.0
17.318186993,17.5910085528,0.0
11.093064727,13.0608576112,0.0
15.9173062134,15.0166674139,1.0
19.7055114806,18.3263967439,0.0
11.6444574351,11.6562689238,0.0
14.6027323852,17.1292122475,0.0
13.3630085772,13.6516610463,0.0
14.317428381,12.2374683496,0.0
12.9610843787,14.1183131783,0.0
15.8479536288,14.4609149508,0.0
12.7671033176,14.7881335719,0.0
13.6973803861,14.1619124315,0.0
21.2972370042,20.357391861,0.0
15.1689477885,14.9720937169,0.0
13.5413819529,12.9473283664,0.0
14.32739768,15.9671979876,0.0
13.0108218302,13.0446206458,0.0
11.8747069801,15.4429635796,0.0
17.8442152846,15.1436521369,0.0
13.4003860713,12.2880425425,0.0
14.780533731,15.6666166363,0.0
17.3988229043,15.0543079237,0.0
15.5375833861,17.3987415413,0.0
18.0820485348,18.9681314402,1.0
