5.93911763134,6.06301163524,0.0
4.49300904584,5.27906100529,0.0
4.57655686598,3.83235507396,0.0
3.93665872561,3.64491906324,0.0
4.24596024517,4.79589990558,0.0
5.38781598484,6.17190810372,0.0
6.67104783717,7.47781160269,0.0
5.88918116937,5.14629993151,0.0
5.2575516404,5.28297554123,0.0
4.19080436254,5.58553626079,0.0
4.03097187174,6.49750768468,0.0
6.70303971957,5.15213304959,0.0
5.39131196592,6.0943725396,0.0
7.00967604531,6.10102119912,0.0
5.60354837977,4.84299145342,0.0
4.67946180603,5.22525024053,0.0
7.7410695258,5.28994363279,0.0
5.05247250343,5.48210128109,0.0
5.60802232182,6.56180138511,0.0
7.51338490471,4.83273603995,0.0
8.7410695258,6.29493119491,1.0
4.52962409593,4.63551870914,0.0
5.9253677108,5.51744231732,0.0
7.26695861772,5.26411525341,0.0
4.2232767549,5.26604154345,0.0
4.71861806257,5.15783286646,0.0
5.12613722359,4.81238775016,0.0
6.40520838178,6.47871699244,0.0
3.02795519465,5.4415345125,0.0
4.47619677003,3.87193134023,0.0
4.2615344226,5.60702060746,0.0
4.85576288398,4.58331317002,0.0
4.0003495536,5.28072920654,0.0
5.41797524745,5.41396091876,0.0
4.33986806186,4.48520953411,0.0
5.73828944101,5.29712656806,0.0
7.22035317463,7.37041942485,0.0
4.76396324002,4.70895366588,0.0
7.26535848665,6.22074408835,0.0
6.44008942091,6.18147862596,0.0
6.93697915857,4.64496938069,0.0
5.0003495536,6.29561836305,1.0
4.33242697512,5.09925750082,0.0
4.67997236859,5.29095563004,0.0
5.51457774273,6.35931106878,0.0
6.38254528933,5.75405248404,0.0
4.0559292449,4.17690569127,0.0
5.85531829254,6.82104387961,0.0
4.67933439276,3.86735565828,0.0
6.98432952961,5.12153805976,0.0
5.61169338887,4.9963061371,0.0
5.67657653707,5.13116004741,0.0
6.61169338887,6.01611003982,1.0
6.1758838988,6.20819732074,0.0
4.73776745238,6.01132617523,0.0
3.97694356908,6.56476622385,0.0
6.43063721049,6.92013163005,0.0
5.88979233769,4.18796201999,0.0
4.70258706853,5.60113425906,0.0
5.96252562256,5.17046222595,0.0
4.99347772388,3.43339256546,0.0
6.81010932569,5.56312410599,0.0
6.98034861564,5.4160594981,0.0
6.41021136758,5.20990749292,0.0
3.21864408487,6.35203355621,0.0
3.9871243311,5.65100339209,0.0
5.49107366009,4.74005029321,0.0
6.95351042594,6.68089466,0.0
6.51222381301,4.78934186544,0.0
4.33060199252,4.67655857816,0.0
5.24696482663,3.92274346126,0.0
4.97286571438,6.69189703228,0.0
6.15816734435,6.03363015903,0.0
7.3875895871,5.45840437189,0.0
4.15526480875,4.9532122049,0.0
5.85206277779,7.24710317259,0.0
4.92144862488,6.16230613602,0.0
6.36611754313,7.91536492435,0.0
5.20119823796,5.12566008018,0.0
5.08776077648,6.76809831322,0.0
5.22686907725,4.47217122925,0.0
7.26524211327,4.92709093912,0.0
5.56715418139,4.33283979811,0.0
5.92383516731,2.52728008432,0.0
8.06185789208,8.4996611929,0.0
6.76502921401,6.52629165515,0.0
9.45893854886,7.66979742865,0.0
5.32498996133,4.65101317977,0.0
5.848139644,4.86996939778,0.0
5.91661431504,6.33611648186,0.0
7.37267729573,6.57414538502,0.0
6.90262998539,5.33872754027,0.0
7.36707243591,5.98399560132,0.0
5.05797686304,7.21326276955,0.0
7.50617225413,6.45327030422,0.0
5.607577081,4.43482187864,0.0
8.03797366029,6.3532190417,0.0
6.84425909087,3.90061263312,0.0
6.70414271711,6.0603237755,0.0
3.90318726873,5.80497713776,0.0
5.38409843101,5.18829003507,0.0
4.87943694825,5.36996426205,0.0
5.09338406829,5.69643547487,0.0
6.05797686304,8.25729342044,1.0
3.99468495377,4.12046856229,0.0
5.44303289053,4.85318232355,0.0
7.82195286837,7.19086933227,0.0
5.41855660289,4.33910369272,0.0
6.58701019765,4.08192367405,0.0
6.11215135457,5.70443517712,0.0
6.47419811195,5.90661782144,0.0
5.73909264998,4.83410573395,0.0
5.90559419512,6.64265135563,0.0
5.77264854757,3.80912651647,0.0
6.41855660289,5.38791254089,1.0
7.65921107768,9.62511346566,0.0
7.61179093026,5.75511604072,0.0
4.96828493958,6.26522557193,0.0
7.06179047299,5.03307415219,0.0
3.79496325579,4.70806478017,0.0
7.26740560114,5.72601575705,0.0
5.97111662679,5.75950476795,0.0
6.52971235308,4.80467093409,0.0
5.22309731594,6.20311108797,0.0
7.089551931,6.34229021519,0.0
6.33460111012,5.50256241592,0.0
6.43015224691,7.44080090167,0.0
5.84574683173,6.38818000032,0.0
6.98648309496,6.4653734477,0.0
6.00015340354,6.29224110505,0.0
5.8212443939,6.08616731176,0.0
6.10483729524,6.39148871451,0.0
8.51946151745,6.11017739187,0.0
4.67379236983,5.28863295705,0.0
4.69712335992,7.6649680477,0.0
7.00015340354,7.35054162948,1.0
6.77096018415,6.63783235357,0.0
4.57432060564,7.80073612036,0.0
5.91153196684,7.1038087035,0.0
5.88422910524,7.60333967978,0.0
6.0452908909,4.77916853797,0.0
5.92471614851,3.61565556097,0.0
5.67377387535,6.52260423401,0.0
5.70573689134,6.10334655543,0.0
6.76876267114,6.06704123148,0.0
5.17511932266,5.70572561578,0.0
5.29758523512,7.24119244584,0.0
8.06890749287,8.13234497253,0.0
6.97848283866,6.57388975018,0.0
7.00771501247,7.11094587893,0.0
7.60999166802,6.55312984784,0.0
5.94115526607,6.83319539507,0.0
8.1488623457,5.96988754447,0.0
5.68323082754,8.9230473901,0.0
5.93977318904,6.15573225143,0.0
5.13794349751,6.96556198866,0.0
6.93400213338,5.74160776473,0.0
6.78954953063,5.8184356342,0.0
6.0608594242,6.79407555523,0.0
7.12972919655,7.58256064585,0.0
6.83755575027,4.87183332976,0.0
4.88734662992,8.40549512623,0.0
6.84540094506,7.93294563254,0.0
5.33739925456,7.59553914602,0.0
6.15174255757,5.99025659712,0.0
8.14497589117,7.18145567735,0.0
7.15349914751,6.99359651297,0.0
6.88833954147,4.85156339176,0.0
7.48875501714,6.82047251825,0.0
8.01226361107,4.19138987919,0.0
7.88181263949,6.86288749926,0.0
7.25561969006,7.16081683937,0.0
7.27420150954,8.16957778133,0.0
6.24170284649,7.23276150757,0.0
6.59753140759,7.18346612207,0.0
5.53109207626,8.21234551704,0.0
6.88930229834,6.83222969497,0.0
5.56000848175,5.81476313079,0.0
6.89193117461,5.57441066338,0.0
6.2052373899,5.77204247611,0.0
7.81028098414,8.07776597533,0.0
6.57129846118,7.45007490032,0.0
6.53541727084,6.84994872982,0.0
7.06672345243,7.39013869807,0.0
6.4906264684,7.51724230893,0.0
5.85734302899,6.38401243183,0.0
7.88930229834,7.91389507761,1.0
7.4906264684,8.59890769156,1.0
6.11266265093,6.59840385274,0.0
6.73694671184,6.77172555861,0.0
5.54446969223,6.66908416679,0.0
4.58202124132,6.43178000673,0.0
5.87428766081,5.27629613209,0.0
6.88827281528,5.90498500017,0.0
7.90184772963,6.49891222758,0.0
8.78235664333,8.48081323178,0.0
8.28700486231,7.69225477804,0.0
6.27890253249,7.60480885381,0.0
7.11266265093,7.68468190186,1.0
6.26728453185,6.89010818646,0.0
5.25408493081,8.26903988519,0.0
5.68990864258,5.24906332823,0.0
5.31442648014,5.26798858689,0.0
6.35436796032,6.91698157744,0.0
6.72249371469,8.07207935573,0.0
6.54862054276,4.58019505942,0.0
7.2076917974,8.3805358927,0.0
6.13952068025,6.74112071785,0.0
4.98641095021,6.7499844173,0.0
8.6588186094,8.22633614034,0.0
7.93871667615,7.63061504104,0.0
6.88823187592,5.87525556783,0.0
5.89360963417,7.28985598933,0.0
5.70397351286,8.98690805967,0.0
9.13841680858,7.59383239989,0.0
7.96473468126,6.68056992684,0.0
5.79321539317,3.64630948513,0.0
5.72574367,7.22145217132,0.0
6.84027736238,6.83154537662,0.0
6.52029490488,6.44225318021,0.0
7.61393278023,7.0585663701,0.0
7.00538384159,5.27825125093,0.0
5.96382059704,5.92359969734,0.0
8.29934446811,7.97979661165,0.0
5.93381106223,8.59473804662,0.0
8.0812472602,6.9435898737,0.0
6.22836723446,8.13940785392,0.0
6.09166778338,4.92824303046,0.0
6.84003434731,7.48006914798,0.0
7.39599879612,7.15230161637,0.0
7.15987848652,5.53979030658,0.0
7.93466508679,7.54316607949,0.0
7.15788749751,6.81601906753,0.0
6.4647540791,7.14875618112,0.0
7.04419199363,7.52657651444,0.0
7.08732474563,7.76157095937,0.0
6.83531722328,7.95372388302,0.0
9.76989798977,7.46919883584,0.0
8.49541553095,6.93885758757,0.0
8.39599879612,8.25683771809,1.0
7.67580694084,4.75758411306,0.0
7.61235286127,5.7019025337,0.0
8.77419317251,7.7042781299,0.0
8.43164298652,8.61751928824,0.0
6.96071291421,7.52581824964,0.0
7.35280283154,6.4571696538,0.0
7.05167333605,5.53282892069,0.0
7.58911123951,7.64635244764,0.0
7.04047464997,6.53941167178,0.0
8.8488892903,8.86833263297,0.0
8.21219143363,7.82864196679,0.0
6.47941047529,8.47272538587,0.0
8.03603575615,6.02480063643,0.0
7.34555029647,6.52238112486,0.0
6.27178450281,8.07079095224,0.0
7.67111324149,6.65209490641,0.0
6.37146048098,7.22079920127,0.0
8.13868437829,8.2451647848,0.0
7.71541782154,7.03666903958,0.0
6.04088534403,6.24843614213,0.0
6.6623558459,7.54337633319,0.0
7.399650134,8.48415232822,0.0
7.00389211819,8.44879252962,0.0
8.31970327209,7.52686623158,0.0
7.287816961,7.56087181974,0.0
8.46608368356,6.19121014688,0.0
8.57472725264,7.08319035377,0.0
6.83250037507,7.03704702271,0.0
6.54973143327,4.69497018318,0.0
7.1567439636,7.1128674112,0.0
9.31970327209,8.64490022033,1.0
7.83250037507,8.15508101146,1.0
8.32351121511,8.6582516918,0.0
8.54244362413,6.92984052521,0.0
7.10035152075,7.6477489663,0.0
6.25732098619,5.9957410662,0.0
7.88637875282,6.33575575019,0.0
6.95801871285,6.68416581957,0.0
8.02151762068,7.91617276617,0.0
6.74554066548,8.40611842785,0.0
7.71223084502,9.60558637293,0.0
9.10184438947,9.09245655018,0.0
9.32351121511,9.78074890784,1.0
7.43197191043,8.06131752112,0.0
10.2725853029,7.84429865065,0.0
7.96237134799,4.38876906668,0.0
6.43606176423,6.86159445142,0.0
8.35575629184,9.55177947805,0.0
9.36280457436,7.9168916454,0.0
7.29896508527,8.06132139578,0.0
8.84330670862,7.62478265763,0.0
7.61669330871,7.54270718184,0.0
7.60027175299,7.34237964716,0.0
7.14819258348,7.70629213089,0.0
6.74489821342,7.60731483003,0.0
8.03503705137,9.29342074729,0.0
8.15173147703,7.7477963469,0.0
7.95482865829,6.59134217896,0.0
7.03435529386,6.97939128813,0.0
7.03410195818,6.33740681511,0.0
7.06790366211,6.2512877383,0.0
9.87418762237,7.77131125468,0.0
7.79614968057,6.89776922609,0.0
8.71244066936,8.23806122339,0.0
8.55409125526,8.37442211728,0.0
10.3004209844,9.83057165794,0.0
8.05834739833,8.81367802492,0.0
8.15795918276,9.38406780477,0.0
7.30959510688,9.58347220662,0.0
7.6004021886,7.15747031174,0.0
7.4600590592,7.8913640117,0.0
7.39027217763,8.7784081098,0.0
7.30153442976,8.09250253152,0.0
9.05834739833,9.94945969408,1.0
7.48577800397,7.47168378218,0.0
9.32272038393,8.75800237106,0.0
8.792484991,7.98272115463,0.0
8.85162101036,8.65317717693,0.0
9.75339988806,7.867624245,0.0
5.83595271108,7.60856869925,0.0
7.02234703071,7.60713349815,0.0
10.2431941167,4.93620181086,0.0
7.60200989423,7.21198386414,0.0
8.20238579658,7.07775934502,0.0
7.43726645453,8.51222467489,0.0
8.34371571415,8.31362516271,0.0
8.85118281885,6.42703449336,0.0
7.59356976798,8.12789545204,0.0
8.04688631192,7.64653974815,0.0
7.67183558991,9.09129330847,0.0
8.05763537883,6.00013782475,0.0
8.00202381341,8.40066033351,0.0
9.15156567381,9.29805686259,0.0
7.55730157169,7.61228906122,0.0
8.43726645453,9.65677698912,1.0
9.85118281885,7.57158680758,1.0
8.78580411812,10.0520997053,0.0
9.08634701132,9.04249481562,0.0
7.05290422546,8.70461481209,0.0
8.27956374946,8.96760655521,0.0
8.01255457722,9.47784921819,0.0
9.54199844039,9.27714101485,0.0
7.63047659537,6.4150164646,0.0
7.68756461428,8.79576913152,0.0
9.70419985774,8.79611400824,0.0
6.93826562577,7.9577260886,0.0
7.84381129536,6.73613515639,0.0
8.34848847935,7.00976055852,0.0
6.66989119593,8.02999419508,0.0
8.19925656973,7.6758670299,0.0
7.93407981072,7.93456412263,0.0
10.0848459587,6.43015619537,0.0
10.0686962777,8.05853930604,0.0
6.86877626362,9.49637132874,0.0
8.09757686761,8.8111762832,0.0
8.62307193869,8.79559599469,0.0
8.73520747942,7.45935794515,0.0
8.74961326141,7.91332691489,0.0
8.751708561,8.89717986799,0.0
6.82525394703,8.75465631428,0.0
8.60235439213,10.3637229309,0.0
8.15009675146,7.94813669028,0.0
9.37064844517,9.93667720925,0.0
9.33364186757,9.16532478067,0.0
7.02324702913,8.81574910409,0.0
8.72394824323,8.98896746793,0.0
10.3336418676,10.3229084709,1.0
8.10795495319,8.2834235589,0.0
9.17888401036,9.868857518,0.0
9.27411152469,9.69873657932,0.0
6.55563280426,8.54000818833,0.0
7.08914244059,7.08319153092,0.0
9.79051912335,7.93052737758,0.0
8.15069013011,8.81373874028,0.0
10.4547502657,8.55182168835,0.0
9.21380818233,9.48684944312,0.0
7.86120071533,7.771199584,0.0
7.98226295952,7.43109666274,0.0
10.2030372759,11.3520133892,0.0
8.27219176899,8.34198956763,0.0
6.11342857714,8.15120482074,0.0
7.52965379091,10.1959585317,0.0
7.8035461567,9.9659472532,0.0
8.20955154209,10.0006177157,0.0
8.68901166894,8.91634543143,0.0
10.2797264788,10.6159868544,0.0
7.57159224081,7.52388952779,0.0
8.43987309357,6.93833816878,0.0
7.57418038179,8.55331601625,0.0
8.70208427488,9.71229961414,0.0
8.5739595602,9.50684164887,0.0
9.63743026197,9.62384022842,0.0
8.48014902098,6.83705368677,0.0
8.74723906847,9.17257264098,0.0
8.28610389817,8.15037663467,0.0
7.93104565928,6.71461986171,0.0
10.570792491,9.6029509008,0.0
7.40113356925,8.41575081985,0.0
8.37674421109,9.28247152683,0.0
10.7455511559,9.64745865049,0.0
8.66317244739,8.68746705702,0.0
10.3150997713,8.93157072078,0.0
8.74242039261,8.43735776153,0.0
8.76324514702,9.66200129801,0.0
9.50180840948,7.19325277056,0.0
12.1414907966,10.4745014131,0.0
9.7252010551,9.17816747829,0.0
10.5018084095,8.36798678301,1.0
8.98323419223,8.13887707061,0.0
9.88267172396,10.7029441053,0.0
10.8042491987,7.71133907628,0.0
7.7407952806,8.4952850536,0.0
8.95900686595,7.89216859204,0.0
9.72449166399,9.31927729702,0.0
8.81677319153,7.32131284316,0.0
6.88375598548,11.2755909766,0.0
8.95392667765,7.64933896975,0.0
9.43109516416,9.75836534255,0.0
10.4310951642,10.9373479548,1.0
6.46086446272,8.74994305676,0.0
6.86373367164,7.71206181473,0.0
8.41504311416,8.21471474316,0.0
10.4443773019,6.43328163563,0.0
7.07831254174,9.2756150441,0.0
7.65783897219,9.60096606194,0.0
9.94303917157,6.87891519849,0.0
7.76932017537,9.5225873819,0.0
8.65639428474,7.66074240113,0.0
7.86147417235,9.48426717735,0.0
7.36191338275,10.1154279985,0.0
8.23977762283,9.94569623706,0.0
9.10386224454,9.7200116839,0.0
8.89994732995,8.70066044409,0.0
9.46656930203,8.90486547818,0.0
8.71183727856,8.37251929808,0.0
9.98542994003,9.91781164003,0.0
9.13762335075,11.9366764648,0.0
7.78663249481,9.5118570698,0.0
10.886241512,8.93159314013,0.0
9.71183727856,9.55995350678,1.0
8.96226789102,11.3467708738,0.0
10.979800856,7.49554495271,0.0
10.42594121,9.59686761502,0.0
9.45213529149,7.06021350032,0.0
8.34201666854,9.54978374743,0.0
10.5578021667,9.3254236358,0.0
7.73592466359,7.68431170813,0.0
9.26012061867,11.2395077555,0.0
8.22319027303,6.95218136324,0.0
7.50922056352,8.28581123738,0.0
9.34201666854,10.7414212762,1.0
9.31490550351,9.98183856901,0.0
8.96879241476,8.77553856253,0.0
7.38781136519,8.13150389791,0.0
7.90063292398,7.14062998861,0.0
10.5759646674,9.34805761393,0.0
10.1246027478,9.803047352,0.0
8.40983561336,7.82967689048,0.0
8.69413081379,8.03774058721,0.0
7.78225786159,10.0078089942,0.0
7.94744705717,7.53702770441,0.0
9.40983561336,9.02550296479,1.0
10.4275508195,7.55001605795,0.0
10.6286856822,10.3029336961,0.0
9.63715341691,10.4327599732,0.0
9.82508847396,8.44188331775,0.0
9.27553627909,8.75515126252,0.0
8.86098659364,8.85875920661,0.0
10.0027440819,7.93610850991,0.0
9.63050559832,7.79080437452,0.0
9.74777321862,9.49659544994,0.0
10.2792862539,6.79830804194,0.0
9.80945121449,7.48162380184,0.0
9.70616723995,9.89078473327,0.0
11.0873324013,10.3548081949,0.0
9.63676487879,8.80465800177,0.0
9.55413712132,9.91620565536,0.0
11.4236172499,11.3237752298,0.0
10.3506620394,9.71071803118,0.0
10.7264736362,9.15965761832,0.0
10.4480036173,9.86946970478,0.0
9.50561533714,8.61629915391,0.0
11.7840301962,9.09372768941,0.0
10.1436868071,8.63889830636,0.0
9.69308085458,10.6620474668,0.0
9.02623647962,8.01653129086,0.0
9.25729674002,8.69531198437,0.0
9.83965996993,8.95643462939,0.0
8.7951654672,9.78175511013,0.0
9.12246047893,10.2317559871,0.0
10.3324855928,7.95826141495,0.0
9.68342406398,9.92968316944,0.0
11.3324855928,9.16656601231,1.0
9.12578717299,10.4793823422,0.0
9.89089901518,8.41941779561,0.0
9.86991429376,9.3132240386,0.0
9.84271894396,10.6524730997,0.0
9.79600535026,8.96409600757,0.0
9.95544447545,9.06806992409,0.0
9.62016080119,8.91536536352,0.0
9.00913263197,9.06230755057,0.0
9.75399531036,8.58939850482,0.0
8.98252046958,11.5227185085,0.0
9.80384783066,11.0912027679,0.0
9.25581593208,12.5445952575,0.0
11.3010509863,10.579890267,0.0
9.88903908479,8.66749855734,0.0
11.5237510341,9.05766673084,0.0
8.41614938586,11.2715974939,0.0
9.53690114612,11.1363685587,0.0
9.74820975932,9.34357666525,0.0
10.0266937432,8.70854564094,0.0
10.1384726686,9.12059358764,0.0
8.15436947132,8.60399870085,0.0
8.36402663667,9.97686274269,0.0
10.333419823,9.46607741228,0.0
10.731119263,8.42935880886,0.0
8.7025511433,6.84540902773,0.0
7.88492954976,8.02216920821,0.0
10.141229325,10.8600584228,0.0
8.5216121806,13.6331359419,0.0
11.8657910431,8.78119033956,0.0
10.0960919535,10.0759635462,0.0
11.0960919535,11.2966191078,1.0
9.95906555781,9.7373550821,0.0
11.2065359707,11.8564959461,0.0
10.0334576123,8.49329392115,0.0
9.95984917714,11.3646719401,0.0
10.9993747897,10.2130092239,0.0
8.48312078344,9.53396594449,0.0
9.41899866524,10.1728339599,0.0
10.2480235428,10.5614439313,0.0
8.82135563184,10.7455120622,0.0
10.2967700603,10.1909898963,0.0
10.4695140633,12.5679077055,0.0
10.7073716718,9.30298867523,0.0
11.1916034878,11.0327733941,0.0
9.34146719596,8.39670687349,0.0
10.2303275664,10.7937465576,0.0
11.6030656135,10.0749771243,0.0
10.3292641291,10.5017462973,0.0
10.1858167434,10.9904838986,0.0
10.5238881113,9.93186271621,0.0
9.79709336317,9.76686566983,0.0
9.87723262384,11.0911044041,0.0
8.69539052953,10.427868816,0.0
10.0701528164,8.9129009536,0.0
12.1645462919,8.98564569672,0.0
9.43668041887,8.05129545023,0.0
10.334973291,10.1484383026,0.0
10.0083473119,9.89755409324,0.0
10.1768212507,10.0591390926,0.0
9.05117832026,9.59550061124,0.0
9.84997550946,8.20316653427,0.0
8.47641090627,10.2276117024,0.0
9.46027006671,9.7326592742,0.0
9.88592375851,9.86078799278,0.0
10.6890339951,10.6063565582,0.0
9.6384042091,10.2305188205,0.0
11.4682901698,11.9098107025,0.0
9.28910963432,10.6712368739,0.0
10.9282103469,10.0558884926,0.0
10.5281541138,10.8213498327,0.0
8.96721544384,7.59843773147,0.0
10.2801366177,10.6485410137,0.0
9.26021806712,9.32075599387,0.0
11.682754816,11.8486121476,0.0
10.9704420316,9.55391461792,0.0
11.8479047089,9.44897977935,0.0
11.3287127414,9.75686961083,0.0
8.55224347934,10.8427758257,0.0
10.5346295549,11.2072897917,0.0
10.5702178566,10.0461190095,0.0
12.1610056964,11.5142322081,0.0
12.682754816,13.0895795122,1.0
11.9704420316,10.7948819825,1.0
12.3287127414,10.9978369754,1.0
10.288686709,10.2892887813,0.0
11.8823444446,10.9984971357,0.0
11.2960008182,10.2089956592,0.0
10.0658911038,12.5518789215,0.0
11.3096225196,11.9650178993,0.0
9.46497626081,10.2384452764,0.0
11.932623896,12.8799506465,0.0
9.46782972605,10.0777022721,0.0
11.1100710401,12.2176983163,0.0
10.3483509304,11.1836132614,0.0
11.1625175658,11.1571872922,0.0
12.3638758697,13.6621726008,0.0
11.4679160351,10.8352056672,0.0
10.3435411101,11.9478040772,0.0
8.43419189154,9.43104100364,0.0
10.6158907471,11.3552025725,0.0
9.9193909806,9.40407697766,0.0
11.5095462488,9.62277869575,0.0
10.820677711,9.32241109885,0.0
10.1731686525,11.0003399625,0.0
11.3435411101,13.1968036769,1.0
12.0899761558,13.5332967609,0.0
9.94920163584,12.5376437532,0.0
10.1829133683,9.60020577683,0.0
10.1836541098,8.18084735275,0.0
13.0593626489,10.7503348348,0.0
11.0514834048,13.0244036233,0.0
10.9562520876,9.89401914542,0.0
9.53817976494,9.06595857903,0.0
10.9252143676,10.476291567,0.0
10.9355084972,11.1545774417,0.0
10.6238360111,10.893185338,0.0
12.0179654712,7.57904625169,0.0
11.2595807076,8.65971379867,0.0
11.5425946822,10.6738835174,0.0
9.6225841151,8.96699405472,0.0
12.3411270269,14.5394192793,0.0
11.3127232491,10.1972914972,0.0
11.1967578346,9.80356304449,0.0
9.69004933674,9.75888290102,0.0
10.9360551818,12.6738042153,0.0
9.97559536325,11.9131959996,0.0
9.60678292192,11.0643916277,0.0
10.9284869539,9.15476103827,0.0
11.8416712123,11.6113781527,0.0
10.6876834185,11.5846716009,0.0
12.6942359829,8.56852942938,0.0
9.45641754391,11.8617432782,0.0
8.96498671099,7.34456154546,0.0
12.0225155212,12.2326060385,0.0
10.2704409413,12.1538919139,0.0
9.96498671099,8.60551356676,1.0
10.2346917469,10.2337520447,0.0
11.1308122048,12.3376781525,0.0
14.0251573357,12.7597536214,0.0
10.4965767064,11.5701571639,0.0
9.6337142562,9.4337698351,0.0
11.614163769,11.0921626542,0.0
10.7155719945,13.44068034,0.0
11.3031740126,12.2647348392,0.0
11.0694123745,13.2620034159,0.0
10.0597986784,14.1452460838,0.0
9.73702904478,11.4443659814,0.0
10.285230371,11.335450982,0.0
9.52298112932,12.1254511048,0.0
11.5793517641,11.3207881822,0.0
11.175725764,14.4132504971,0.0
10.0516039375,10.3406870628,0.0
9.92361355125,10.4589569006,0.0
12.040506123,9.51532175912,0.0
10.7909176314,10.8428880082,0.0
10.2457130292,11.5467814647,0.0
10.9236135513,11.7278146547,1.0
12.4227476367,11.0267708892,0.0
10.7863442516,13.7012309959,0.0
11.6707598415,12.4235447688,0.0
11.1935635689,11.3321541159,0.0
9.99132268089,8.87957379575,0.0
9.76669815633,9.85029959077,0.0
11.0659801564,10.2675978469,0.0
11.9813440886,11.6175181866,0.0
11.8919604716,10.7096342724,0.0
12.4133425391,12.1470643807,0.0
9.63674183924,11.9243454903,0.0
13.3870389303,12.9990934223,0.0
10.4009241793,10.5640386837,0.0
12.7376989258,12.1566294777,0.0
10.9806971837,11.5123919331,0.0
9.59661797336,11.2049543052,0.0
10.548542973,11.5404314742,0.0
10.4781281405,9.76467347984,0.0
11.0336119441,12.2647599689,0.0
10.5424868203,12.2604955422,0.0
13.9333942421,10.3245486307,0.0
9.95056168519,10.4506340381,0.0
10.7464422083,10.941658722,0.0
10.8420436764,12.6541697739,0.0
13.0782249584,11.3041796748,0.0
11.6181434404,10.5520268873,0.0
12.5616962965,12.6878100849,0.0
11.2399283778,11.4372802702,0.0
12.4319900403,13.6949570918,0.0
10.7640088591,12.9219138035,0.0
10.8652328758,10.3994639323,0.0
10.4213024282,11.720502599,0.0
11.4596036841,10.7282617109,0.0
11.7492795422,11.6402104088,0.0
10.7979759227,10.9455099523,0.0
12.2457060086,11.937043372,0.0
10.2225359305,11.4460520807,0.0
11.408908138,12.0599620992,0.0
12.4554755904,9.39079139941,0.0
10.9034922448,10.7575612707,0.0
11.8652328758,11.6839871902,1.0
11.2225359305,12.7305753385,1.0
12.0406079248,11.8478050795,0.0
12.4556961276,12.6620916402,0.0
12.1420158613,11.3397365374,0.0
11.2471732381,9.5375154086,0.0
13.6382133797,11.5407741626,0.0
11.6003304329,11.7584778367,0.0
12.8713618547,11.5820991392,0.0
10.4883616678,12.5378382389,0.0
11.3597838816,10.4465080188,0.0
10.5475205696,13.0030134528,0.0
13.8713618547,12.8705090118,1.0
12.9358634185,12.0572324703,0.0
11.4156757643,10.7841599746,0.0
11.7742702523,15.3569726433,0.0
11.1029217957,11.2894131061,0.0
10.7739827908,10.6350936691,0.0
9.82193544808,13.4092575211,0.0
12.7415973252,10.6323459984,0.0
10.8487246309,12.8134254515,0.0
12.0467401954,9.88302070005,0.0
11.4742615631,12.6274568221,0.0
12.6508710422,12.3935911581,0.0
12.6788762716,13.8403713341,0.0
11.3868351713,10.5433035595,0.0
12.780788181,10.5608809906,0.0
10.4210726899,9.34869076574,0.0
12.8857818492,11.705194938,0.0
11.2299857749,9.2715014323,0.0
12.6953296016,12.3399412783,0.0
13.3460845725,9.10779323635,0.0
12.8469151903,11.35406556,0.0
12.9845451113,11.9202192084,0.0
11.9978101575,11.9653800853,0.0
11.237857944,10.522094362,0.0
10.7385036875,11.226185305,0.0
11.4383976914,13.1192259497,0.0
11.695943544,12.3508668583,0.0
12.0449881887,12.0844412124,0.0
12.7537647332,11.0800918105,0.0
12.2550658605,14.6718167784,0.0
11.1412850437,12.598224675,0.0
12.9476365054,12.5838321358,0.0
10.7342862768,12.504909187,0.0
10.7242507458,13.9812893259,0.0
13.9214091547,14.4798577669,0.0
11.6417479786,10.5378429946,0.0
11.0913784747,12.1558914947,0.0
10.9652120218,11.4386644069,0.0
11.0931278455,10.7066943016,0.0
13.202348953,11.6755757355,0.0
12.3379366094,12.1968781995,0.0
12.1100769849,13.3561674124,0.0
10.3460717287,12.1831540008,0.0
13.7030465779,13.5358588811,0.0
10.9176292364,11.5896547969,0.0
11.9373942584,11.370188962,0.0
10.2496693156,14.1837158907,0.0
10.8149475018,10.3947155239,0.0
12.4496332389,11.9244887491,0.0
12.5683206057,12.4754832236,0.0
12.1159755495,15.6192179331,0.0
11.8265024103,13.1236051004,0.0
12.1867901999,13.1489542562,0.0
13.1831079912,11.5391267113,0.0
12.5512145271,9.79587345736,0.0
12.3464120439,11.9499927848,0.0
10.1775474524,11.8191504418,0.0
13.0802753819,10.295985724,0.0
12.6014409222,12.6781172565,0.0
14.6193206301,13.3649875343,0.0
9.80128750282,10.5012594015,0.0
12.6943407696,13.8225044685,0.0
11.8348490411,13.3844679186,0.0
12.6991207923,11.8789074072,0.0
13.5154139877,12.2242139562,0.0
11.6467821236,12.5425633155,0.0
12.4475260952,13.9344133159,0.0
12.2584892665,13.0472669315,0.0
13.2368110985,13.2200420585,0.0
14.3624565105,12.9716225739,0.0
12.0214622287,13.0147029614,0.0
12.5571888362,13.3150446037,0.0
11.5058208648,11.4786268354,0.0
13.3137992315,10.1723744493,0.0
12.5328085069,12.2056930034,0.0
12.2987601349,12.3144309893,0.0
12.9223068593,10.2064602487,0.0
11.6143817608,11.5364496165,0.0
12.041647682,10.2957279659,0.0
13.446934151,12.1148852275,0.0
12.8626638707,14.8527235444,0.0
13.4796770872,11.331842396,0.0
13.640085642,12.4036469869,0.0
13.1084992876,12.8977493811,0.0
13.861434874,13.007523496,0.0
13.3151192133,12.3047750156,0.0
13.2610637968,13.4963656871,0.0
12.4995442214,13.0820072163,0.0
13.5361326342,11.0299333886,0.0
11.8582912455,12.6116045167,0.0
11.8766866101,11.8205288267,0.0
11.9172421703,12.345655214,0.0
13.0206479047,12.5011380246,0.0
12.4537927978,11.9400716129,0.0
13.4579076523,14.2049319748,0.0
12.9249700748,14.0067828252,0.0
14.0060174831,14.1111629341,0.0
14.6331660162,13.8136385375,0.0
14.3445441267,13.182473098,0.0
13.1622592294,14.4947676028,0.0
11.6182224226,11.4139663544,0.0
12.9172421703,13.6723051301,1.0
15.6331660162,15.1402884536,1.0
11.9360936875,13.6094656319,0.0
13.1488111522,12.338176216,0.0
13.7614859425,12.7269543224,0.0
10.7840058721,12.413656224,0.0
12.3901064169,13.3548967663,0.0
13.2996210177,13.4263271003,0.0
13.4291979814,12.93030659,0.0
10.8056959972,14.5306529449,0.0
11.5320294587,11.8710911623,0.0
12.68047242,14.8991292838,0.0
14.0749315925,13.2074975756,0.0
11.2163535385,10.0201129852,0.0
14.1000651899,14.3409208157,0.0
12.1083572999,15.0822303136,0.0
11.8314767075,13.4385236137,0.0
13.5518834059,13.0513160265,0.0
13.5049923012,14.9620388616,0.0
14.4686879184,15.7985349891,0.0
12.9095906646,14.4892048043,0.0
13.0863566478,12.4850158445,0.0
15.2504311508,12.3413944566,0.0
13.3209144203,11.6388902896,0.0
12.5993620153,11.573832353,0.0
11.2091564347,13.5625531938,0.0
10.9087349308,9.20412620239,0.0
12.2411160712,13.3828321413,0.0
14.457609148,14.9759721595,0.0
13.2123055079,14.9987216929,0.0
13.7513817373,11.4581663461,0.0
12.7504390241,12.8661141097,0.0
12.3439005992,10.4173041671,0.0
13.1882569595,13.3230740989,0.0
13.6846640838,12.1947149323,0.0
12.8313004969,14.1011858031,0.0
11.774675557,13.5707815581,0.0
11.5778330185,11.4168968826,0.0
13.0592468604,10.2857498277,0.0
13.7455628658,12.2026176735,0.0
11.8117340508,9.94173434382,0.0
11.3917483551,13.0346796133,0.0
14.1157941995,12.8396945495,0.0
12.5662302579,13.71043256,0.0
11.2319580708,11.9075018467,0.0
12.4726887814,9.49510736786,0.0
12.4615093632,12.5481749489,0.0
12.8548579224,11.9714912689,0.0
14.6080231594,13.7301822407,0.0
12.0920726662,12.4089058291,0.0
11.7135432809,13.1964188062,0.0
12.6711550071,14.7689033396,0.0
15.6080231594,15.0755446454,1.0
14.2519697528,15.3465820156,0.0
11.9220285459,13.2933449128,0.0
13.6224382514,10.9555814803,0.0
13.1946023073,14.5371422678,0.0
13.5620668964,13.9747245201,0.0
13.0485428188,13.3477791556,0.0
13.939958775,14.3600888835,0.0
13.0988672213,12.8637067608,0.0
12.0926760396,13.1727062113,0.0
11.7946093369,13.9643928511,0.0
13.938814964,13.9194703482,0.0
11.650327303,12.3222636731,0.0
14.0641119307,14.0474195766,0.0
13.6694059645,13.9148628663,0.0
13.9691462155,13.9586159509,0.0
12.484547878,13.2893596818,0.0
13.7591334821,12.9568770918,0.0
14.5283463897,14.2481611074,0.0
12.9196968496,14.1845587341,0.0
14.2212998876,13.649956203,0.0
12.650327303,13.675038599,1.0
13.8861375721,14.6763174569,0.0
12.5241595741,13.7812386067,0.0
11.9918562156,13.531859304,0.0
13.0427018655,13.1307614071,0.0
14.9999629115,12.5136019339,0.0
12.5910882556,14.5109908534,0.0
12.1267470875,13.9004337713,0.0
12.3271397221,10.1905772033,0.0
13.9339179343,12.0190526529,0.0
14.2596171925,17.0616797132,0.0
14.0427018655,14.4872274038,1.0
13.1852510233,13.7750643343,0.0
14.2274776568,12.5433482397,0.0
12.8155072809,12.8915617302,0.0
13.273025058,14.2316951375,0.0
13.5061272258,15.5047919275,0.0
13.2727020403,12.247306575,0.0
12.6470212978,12.3136903109,0.0
12.347479056,11.0822726218,0.0
11.6649006924,11.2850259025,0.0
15.2974869242,12.9724295325,0.0
14.7237930415,13.2803567818,0.0
12.8067252278,12.8584053191,0.0
12.9612344467,14.3082516299,0.0
14.2979778404,12.2787613025,0.0
13.0903080657,14.7818400198,0.0
14.7764744375,14.3736439477,0.0
13.9887330968,12.5677509373,0.0
13.1190623186,13.4561106463,0.0
14.0502800978,16.1977290082,0.0
14.8881204307,16.2018303593,0.0
14.2140675285,13.9051305158,0.0
12.7762954548,12.6390849476,0.0
13.1677770659,11.6543369137,0.0
13.622376255,12.2198760773,0.0
11.1137313653,12.4551376931,0.0
16.305268863,13.3319211813,0.0
13.3954724671,13.1995186426,0.0
13.763880078,14.4462851672,0.0
14.4604052149,15.3303051193,0.0
14.674460544,16.0458079652,0.0
13.2218432605,11.2036048709,0.0
12.9375832965,15.9226328727,0.0
13.7698476985,11.4378697958,0.0
14.2902600249,14.1964915084,0.0
12.1979965318,14.6951897992,0.0
13.3469130115,13.4799188534,0.0
13.9137154631,12.1157714971,0.0
14.3476265967,13.0370264104,0.0
12.7238344427,10.9748785321,0.0
13.5500862336,13.4870986174,0.0
14.2550299694,12.8902798552,0.0
14.4470571818,13.288695449,0.0
12.1853680907,11.7795896658,0.0
13.2797078434,12.7993694054,0.0
13.3744485017,15.5915543037,0.0
13.824988602,15.9660730709,0.0
14.125290234,11.7405260863,0.0
13.7243108719,15.9248596037,0.0
14.0671124034,11.8668270684,0.0
13.7530472916,11.9857812641,0.0
13.1853680907,13.1543623742,1.0
13.0036733141,11.7968569613,0.0
12.74206794,12.9645946495,0.0
13.3819648305,11.1363622217,0.0
13.5662897394,13.4512577819,0.0
14.6020609948,15.8475366171,0.0
13.3715402579,12.1161995812,0.0
14.1672395906,15.3287657328,0.0
12.7633739752,12.6598487752,0.0
14.5140417793,13.1430062123,0.0
12.4644301349,14.0980117913,0.0
14.3819648305,12.5147670969,1.0
15.6020609948,17.2259414924,1.0
15.5140417793,14.5214110875,1.0
15.1681600154,13.5177336931,0.0
14.5786953794,14.311632611,0.0
13.3782570421,11.6607193765,0.0
13.1071068717,15.6016385012,0.0
12.1344297716,11.1485627167,0.0
13.2156040238,12.9160105735,0.0
13.9978186658,15.3933590412,0.0
13.7475873682,14.3727145276,0.0
14.5540353335,13.6809310011,0.0
12.8267662147,14.5798277582,0.0
14.7475873682,15.7547420237,1.0
14.3682648965,13.8577935512,0.0
14.1630870127,14.5039637943,0.0
14.033173737,13.1855465939,0.0
14.2547111018,14.2323344347,0.0
13.5529511199,14.0117146216,0.0
14.6919725097,15.3089155536,0.0
14.309362646,13.8328194872,0.0
13.8648228083,12.5493104397,0.0
15.3815340652,15.9840421994,0.0
14.7954199235,15.3096887338,0.0
13.5819489646,14.2719983555,0.0
12.5902249729,12.5137606273,0.0
14.5647437285,15.2975793249,0.0
14.4357992959,13.6779418336,0.0
15.5185820271,11.5575516247,0.0
13.3464513532,13.683105415,0.0
14.9367324006,13.5543190517,0.0
16.1900745107,12.8094764006,0.0
12.1665985483,13.8972817122,0.0
13.8383255336,12.8669209529,0.0
14.6867573318,14.0800248944,0.0
14.3524473545,14.7504925455,0.0
12.9346612405,12.3283786436,0.0
15.6546837669,14.3947697022,0.0
15.3581354761,15.171167402,0.0
14.3493666425,14.1475135896,0.0
16.3296549157,13.2926707864,0.0
14.9158854579,14.3681694521,0.0
13.5344703227,11.0573100726,0.0
14.1050482062,13.3682291894,0.0
16.0482938144,16.1422044633,0.0
14.8681348812,14.4538546463,0.0
15.1981307769,14.5593269133,0.0
13.78702406,15.6998477975,0.0
14.9039104408,10.954032619,0.0
14.1724708691,15.4839011367,0.0
14.1480757955,14.2872299038,0.0
14.6188004627,13.7700485486,0.0
15.1005787315,14.7105854008,0.0
12.8444197491,15.2779351222,0.0
13.4826266146,15.6927533554,0.0
13.200897404,16.2204849319,0.0
14.6452025776,13.9526776827,0.0
14.4986764739,14.0782733325,0.0
15.2353477355,15.4600973967,0.0
14.9346651662,13.3328717145,0.0
13.6724827604,14.3627753921,0.0
14.5217133871,15.3364413805,0.0
14.135151798,14.161194038,0.0
14.2920879912,13.5216991697,0.0
14.6724827604,15.7627753921,1.0
14.7518890502,16.274853907,0.0
13.4486134442,16.8469017635,0.0
14.7573991207,13.3293171801,0.0
15.0653733218,13.585717461,0.0
15.6039233449,14.9296055843,0.0
15.2180752688,15.6480282904,0.0
14.5315153877,14.896068325,0.0
15.7263793931,15.0871159323,0.0
15.3680270675,15.6768695028,0.0
15.3597819232,15.7788613613,0.0
16.6039233449,16.3331724691,1.0
16.2180752688,17.0515951751,1.0
15.5974178148,13.2757163673,0.0
15.6102685189,15.7045544261,0.0
14.5452982478,14.649301915,0.0
15.574556705,15.3540200982,0.0
16.4458120276,17.4209693025,0.0
14.3271112003,17.5585553614,0.0
14.6219262306,15.7736759512,0.0
15.7244735253,14.7711819185,0.0
15.8709167806,16.0737291343,0.0
13.7916675175,17.3955146197,0.0
17.4458120276,18.8280940304,1.0
14.8880317408,16.7858131898,0.0
13.6703809664,17.9058611591,0.0
15.8090634044,13.237366225,0.0
14.3323958736,15.2371460117,0.0
15.3405897733,14.5340367404,0.0
16.9713199388,17.0239883293,0.0
13.1710159239,15.4947110502,0.0
14.5503328931,16.8020950005,0.0
14.9915789331,15.0900189649,0.0
14.7188482385,16.2159180156,0.0
17.9713199388,18.4346619273,1.0
15.9915789331,16.5006925629,1.0
